0 4589168020290535424
0 4593671619917905920
0 4602678819172646912
0 4613937818241073152
0 4625196817309499392
0 4710765210229538816
0 4742290407621132288
0 4764808405757984768
1 4589168020290535424
1 4593671619917905920
1 4602678819172646912
1 4613937818241073152
1 4625196817309499392
1 4710765210229538816
1 4742290407621132288
1 4764808405757984768
4503599627370495 4589168020290535424
4503599627370495 4593671619917905920
4503599627370495 4602678819172646912
4503599627370495 4613937818241073152
4503599627370495 4625196817309499392
4503599627370495 4710765210229538816
4503599627370495 4742290407621132288
4503599627370495 4764808405757984768
4503599627370496 4589168020290535424
4503599627370496 4593671619917905920
4503599627370496 4602678819172646912
4503599627370496 4613937818241073152
4503599627370496 4625196817309499392
4503599627370496 4710765210229538816
4503599627370496 4742290407621132288
4503599627370496 4764808405757984768
4599676419421066581 4589168020290535424
4599676419421066581 4593671619917905920
4599676419421066581 4602678819172646912
4599676419421066581 4613937818241073152
4599676419421066581 4625196817309499392
4599676419421066581 4710765210229538816
4599676419421066581 4742290407621132288
4599676419421066581 4764808405757984768
4602678819172646912 4589168020290535424
4602678819172646912 4593671619917905920
4602678819172646912 4602678819172646912
4602678819172646912 4613937818241073152
4602678819172646912 4625196817309499392
4602678819172646912 4710765210229538816
4602678819172646912 4742290407621132288
4602678819172646912 4764808405757984768
4607182418800017408 4589168020290535424
4607182418800017408 4593671619917905920
4607182418800017408 4602678819172646912
4607182418800017408 4613937818241073152
4607182418800017408 4625196817309499392
4607182418800017408 4710765210229538816
4607182418800017408 4742290407621132288
4607182418800017408 4764808405757984768
4613937818241073152 4589168020290535424
4613937818241073152 4593671619917905920
4613937818241073152 4602678819172646912
4613937818241073152 4613937818241073152
4613937818241073152 4625196817309499392
4613937818241073152 4710765210229538816
4613937818241073152 4742290407621132288
4613937818241073152 4764808405757984768
4625478292286210048 4589168020290535424
4625478292286210048 4593671619917905920
4625478292286210048 4602678819172646912
4625478292286210048 4613937818241073152
4625478292286210048 4625196817309499392
4625478292286210048 4710765210229538816
4625478292286210048 4742290407621132288
4625478292286210048 4764808405757984768
4742290407621132288 4589168020290535424
4742290407621132288 4593671619917905920
4742290407621132288 4602678819172646912
4742290407621132288 4613937818241073152
4742290407621132288 4625196817309499392
4742290407621132288 4710765210229538816
4742290407621132288 4742290407621132288
4742290407621132288 4764808405757984768
4877398396442247168 4589168020290535424
4877398396442247168 4593671619917905920
4877398396442247168 4602678819172646912
4877398396442247168 4613937818241073152
4877398396442247168 4625196817309499392
4877398396442247168 4710765210229538816
4877398396442247168 4742290407621132288
4877398396442247168 4764808405757984768
5057542381537067008 4589168020290535424
5057542381537067008 4593671619917905920
5057542381537067008 4602678819172646912
5057542381537067008 4613937818241073152
5057542381537067008 4625196817309499392
5057542381537067008 4710765210229538816
5057542381537067008 4742290407621132288
5057542381537067008 4764808405757984768
9223372036854775808 4589168020290535424
9223372036854775808 4593671619917905920
9223372036854775808 4602678819172646912
9223372036854775808 4613937818241073152
9223372036854775808 4625196817309499392
9223372036854775808 4710765210229538816
9223372036854775808 4742290407621132288
9223372036854775808 4764808405757984768
9223372036854775809 4589168020290535424
9223372036854775809 4593671619917905920
9223372036854775809 4602678819172646912
9223372036854775809 4613937818241073152
9223372036854775809 4625196817309499392
9223372036854775809 4710765210229538816
9223372036854775809 4742290407621132288
9223372036854775809 4764808405757984768
13823048456275842389 4589168020290535424
13823048456275842389 4593671619917905920
13823048456275842389 4602678819172646912
13823048456275842389 4613937818241073152
13823048456275842389 4625196817309499392
13823048456275842389 4710765210229538816
13823048456275842389 4742290407621132288
13823048456275842389 4764808405757984768
13826050856027422720 4589168020290535424
13826050856027422720 4593671619917905920
13826050856027422720 4602678819172646912
13826050856027422720 4613937818241073152
13826050856027422720 4625196817309499392
13826050856027422720 4710765210229538816
13826050856027422720 4742290407621132288
13826050856027422720 4764808405757984768
13830554455654793216 4589168020290535424
13830554455654793216 4593671619917905920
13830554455654793216 4602678819172646912
13830554455654793216 4613937818241073152
13830554455654793216 4625196817309499392
13830554455654793216 4710765210229538816
13830554455654793216 4742290407621132288
13830554455654793216 4764808405757984768
13837309855095848960 4589168020290535424
13837309855095848960 4593671619917905920
13837309855095848960 4602678819172646912
13837309855095848960 4613937818241073152
13837309855095848960 4625196817309499392
13837309855095848960 4710765210229538816
13837309855095848960 4742290407621132288
13837309855095848960 4764808405757984768
13848850329140985856 4589168020290535424
13848850329140985856 4593671619917905920
13848850329140985856 4602678819172646912
13848850329140985856 4613937818241073152
13848850329140985856 4625196817309499392
13848850329140985856 4710765210229538816
13848850329140985856 4742290407621132288
13848850329140985856 4764808405757984768
13965662444475908096 4589168020290535424
13965662444475908096 4593671619917905920
13965662444475908096 4602678819172646912
13965662444475908096 4613937818241073152
13965662444475908096 4625196817309499392
13965662444475908096 4710765210229538816
13965662444475908096 4742290407621132288
13965662444475908096 4764808405757984768
14100770433297022976 4589168020290535424
14100770433297022976 4593671619917905920
14100770433297022976 4602678819172646912
14100770433297022976 4613937818241073152
14100770433297022976 4625196817309499392
14100770433297022976 4710765210229538816
14100770433297022976 4742290407621132288
14100770433297022976 4764808405757984768
14280914418391842816 4589168020290535424
14280914418391842816 4593671619917905920
14280914418391842816 4602678819172646912
14280914418391842816 4613937818241073152
14280914418391842816 4625196817309499392
14280914418391842816 4710765210229538816
14280914418391842816 4742290407621132288
14280914418391842816 4764808405757984768
