import Std
set_option maxRecDepth 8192
set_option maxHeartbeats 20000000

def pairEnergy (p : Int × Int) : Int := p.1*p.1 + p.1*p.2 + p.2*p.2
def energy : List (Int × Int) → Int
  | [] => 0
  | p :: ps => pairEnergy p + energy ps

theorem energy_append (a b : List (Int × Int)) :
    energy (a ++ b) = energy a + energy b := by
  induction a with
  | nil => simp [energy]
  | cons p ps ih => simp [energy, ih, Int.add_assoc]

def block_0 : List (Int × Int) := [(-989, -7782), (3409, 6515), (2951, 4581), (-3529, -518), (6995, -8527), (4673, -4301), (-5728, -4094), (-1449, 5118), (7275, -2562), (-5679, -7613), (-6100, 3764), (8935, -6178), (-891, -1299), (-4283, -7747), (4969, -3023), (-9115, -7115), (1156, -6147), (-1266, 1290), (-2513, -7308), (-2013, 3830), (-3026, -1173), (-7545, 7513), (133, -2507), (5828, -1719), (2122, 2015), (-5836, 7911), (8392, -1522), (5343, 3396), (847, 4052), (8327, 7645), (-760, 442), (3553, -2845), (-479, -7307), (-2973, 6204), (-1008, -1549), (-2970, -5203), (-3226, 522), (6012, -2884), (6012, 8195), (-4786, -2273), (3941, 2592), (-1785, 7674), (1305, -8314), (4337, 1601), (-2676, -6753), (-2863, 3374), (-295, 639), (4978, 1420), (5618, -4538), (-5036, 5912), (-5297, 4440), (3273, 6647), (1848, 7821), (3972, -9179), (-4243, 6923), (4914, -5975), (5718, -1080), (-4826, -5200), (3085, 699), (-2115, 7687), (-3380, 8783), (8615, -8591), (-6745, 4683), (4192, 59)]

theorem block_0_norm : energy block_0 = 2979338580 := by decide

def block_1 : List (Int × Int) := [(-2669, -8922), (6299, -3646), (-7546, -7467), (2342, 5947), (9175, -6081), (-3459, -4745), (-4507, 6212), (-628, -4892), (-958, 5704), (-4195, -3567), (3468, 369), (8597, -5808), (-7393, -7477), (3468, -5168), (-5412, 1225), (6178, 8163), (-1220, -6084), (-2978, -138), (-6161, -6593), (6225, 7049), (-5055, -6747), (-8955, -1611), (-3010, -4389), (-5872, -7743), (-7666, -4976), (-2751, -5771), (-4344, -4730), (-810, -8625), (5565, -4335), (-849, 700), (2027, -144), (8919, -8293), (4638, 3923), (-4136, -1038), (5776, 7928), (-2603, 1757), (-88, -5556), (1123, 8137), (-863, -6741), (8255, 7905), (3947, 6089), (5389, -4144), (1685, -123), (-655, 4840), (-737, -1880), (3232, 6107), (1901, 6154), (4541, 5401), (6883, -7183), (198, 3951), (1630, -4066), (6945, -2104), (7882, 6816), (-3106, -658), (4840, -7802), (5318, 6246), (-8812, -9114), (5241, -4382), (223, 7291), (-3711, 4651), (3739, -6748), (1704, -7726), (-2295, 4443), (-4496, -4768)]

theorem block_1_norm : energy block_1 = 4013266952 := by decide

def block_2 : List (Int × Int) := [(-356, 2415), (-4336, 2852), (3304, 1038), (5165, 5412), (-2733, 8139), (8626, -5942), (-4846, 2165), (-6806, -7257), (-9179, 8544), (-5318, -7297), (4341, 1852), (-37, -4674), (2721, -2412), (3150, -3750), (-716, 7305), (2775, -2809), (-302, -6891), (5219, -8504), (-9192, -931), (3066, -350), (-723, -5424), (-1669, -2916), (-278, 942), (-3467, -2451), (7795, 2352), (-8659, -6336), (6240, 2701), (2826, 5628), (6745, -2218), (-4989, -5254), (5184, 4097), (-1380, 2415), (-2978, 8039), (5482, -6279), (6576, -5786), (514, 1977), (4287, -7981), (6986, 3632), (2908, 7180), (1235, -713), (4306, -8498), (-1272, 576), (-4938, 3761), (-6961, -7483), (-2328, 3284), (5636, 6071), (-99, 7869), (4063, -1988), (-6286, 7483), (852, 1641), (8977, -612), (-586, 985), (-1225, 9214), (5892, -7622), (-7623, 8109), (-2089, 1340), (-9034, -3747), (-1127, 1510), (3091, -8829), (-1760, -1494), (1592, 262), (5674, -6539), (-6429, -3407), (2840, -2552)]

theorem block_2_norm : energy block_2 = 2965980213 := by decide

def block_3 : List (Int × Int) := [(-4008, 2232), (8066, 4486), (2990, 6699), (-3532, 1903), (-3794, 81), (-4240, -139), (4829, 1825), (-6518, 7616), (5462, -3887), (-6600, 4097), (3604, 2389), (2224, -2370), (7884, 7986), (-3440, 7935), (-2200, 1269), (6218, -5142), (6538, 3095), (-1134, -3427), (-6020, -4763), (-7474, 5153), (-6690, -3889), (4938, -223), (-5966, 8124), (2809, -1479), (2302, 3530), (-7983, -3844), (-9142, 8817), (8722, 5401), (-2752, 7334), (-848, 7518), (-2239, 3746), (695, 2235), (7042, 983), (1182, -3564), (5647, 6577), (-3732, -543), (-1520, -626), (3210, 910), (-2003, -5632), (2651, 2952), (6558, 8931), (5508, 6247), (-2415, 2895), (3272, 6542), (5728, -8952), (-7331, 148), (6718, -778), (-4404, -4788), (6487, 1198), (-5900, 5415), (857, -8545), (221, -2619), (4856, -380), (-8048, -6859), (-7420, 8239), (-3391, 6136), (7691, 356), (6095, 5871), (-1909, 7666), (-306, 4263), (6793, -3101), (-902, -6342), (-4, 8865), (-8521, 5995)]

theorem block_3_norm : energy block_3 = 3322203089 := by decide

def block_4 : List (Int × Int) := [(-3279, 7671), (-859, 3104), (5612, -4586), (-3880, 4267), (5418, 2894), (-7020, -8158), (-1422, -2752), (5205, 6984), (-8736, -1203), (-8916, 2923), (5819, -6516), (-6615, -1666), (9146, -8357), (-1942, 2216), (701, -4108), (-5086, 7202), (6259, 6960), (2087, 3669), (2664, 1835), (7659, -193), (-5739, -6716), (8288, -3615), (2840, 7020), (-3015, -1624), (-8188, 8293), (-2932, 2025), (3742, -5722), (-6899, 1958), (-3044, 2618), (6842, -2841), (-4462, -2075), (-41, 7249), (-633, 2301), (-4970, -651), (-3952, 934), (-4905, 5448), (-784, 5595), (-2626, 1028), (6283, 3819), (3508, 3261), (8858, -5073), (3784, 178), (-6184, -6924), (-571, -3401), (622, 4833), (-651, -5951), (4370, -7521), (-7547, 3373), (-7815, 2995), (8380, 6017), (4355, -5095), (1319, 5378), (-8287, 2287), (6794, -7326), (-813, 1902), (8144, 5440), (-6919, 4213), (1452, -1114), (-3168, 3527), (-4734, -608), (-4543, 4848), (-816, 7763), (-2198, -4804), (-4963, -8949)]

theorem block_4_norm : energy block_4 = 3028205106 := by decide

def block_5 : List (Int × Int) := [(-5873, 6004), (-8327, -5313), (-7012, 898), (1509, -1981), (-6150, 5205), (2833, -148), (8257, -4754), (545, -9096), (-7430, -8297), (-1204, -9209), (6658, -4894), (-8670, 2108), (2725, -5999), (-5164, -9114), (-5916, 2145), (-1179, -7232), (4403, -1375), (-4634, 1745), (7876, 3480), (5367, 8076), (-8714, 5812), (-8959, 3225), (-1383, 762), (1203, 8664), (8596, 677), (6948, -8155), (-7164, -1440), (5554, -8848), (7808, 894), (7382, 1148), (7511, -5421), (-3347, 4409), (-6958, 1671), (170, 8130), (-263, -2753), (7875, 1625), (4300, -1775), (3813, 6874), (7052, 3203), (5578, 3384), (-6232, -7402), (-4617, 6181), (726, 8999), (7050, -6930), (1619, 6024), (1523, 8361), (-180, 2260), (-8532, -683), (5175, -5352), (7859, -933), (8467, 8698), (8787, 5962), (-1869, 3995), (-4583, -5599), (3202, 2807), (7973, 4910), (-23, 3095), (-3809, 408), (8652, 4095), (1912, -62), (-40, -8805), (-6732, 3544), (1214, -8305), (-4581, 6336)]

theorem block_5_norm : energy block_5 = 4017699519 := by decide

def block_6 : List (Int × Int) := [(-641, 1763), (7415, -4752), (6728, 5353), (-3165, 2880), (1520, 8361), (8646, 8613), (-6113, -7869), (-846, -626), (6703, -5400), (490, 984), (5599, -5396), (6532, -1559), (-3442, 5105), (-8583, 4873), (-8161, 1785), (3760, -2875), (-2713, -3408), (9034, -1566), (2245, 1031), (-5958, 2963), (-3730, -3233), (240, 3138), (810, -8059), (8780, -84), (1392, -1291), (3259, 2539), (-7573, -3515), (-6877, 5523), (-8645, -5950), (6803, 6868), (-2870, -5829), (4376, 5910), (-1688, -273), (-3856, 793), (962, 1728), (-5347, -8706), (4732, -8050), (-723, -1486), (-5731, -7114), (5225, -7922), (-7779, 286), (298, 3090), (-988, 3887), (-6915, -6562), (-5314, 3392), (8533, 2626), (6305, 2259), (-6766, 720), (8318, -4553), (-8930, -3323), (1276, -4258), (7267, -6809), (-7691, 3290), (8356, -1966), (6777, 6528), (-8302, 9025), (5994, 4518), (3724, 5843), (6038, 3813), (-4499, -125), (7617, 3631), (-3461, -9173), (7845, -6987), (-5161, -1451)]

theorem block_6_norm : energy block_6 = 3741460540 := by decide

def block_7 : List (Int × Int) := [(-3559, 4056), (-3261, -242), (4035, -6735), (-1504, -2631), (4942, -6260), (-4585, -2303), (-8135, -6382), (4803, -2389), (-6561, 7183), (7350, -775), (-3268, 4), (1146, 5930), (9037, 929), (-7835, -3561), (-621, 7703), (6501, 1974), (5441, -1113), (-6453, 6091), (-3355, -1194), (2297, -5142), (7226, -7106), (3460, 8253), (1386, -5145), (7578, -3437), (6071, 7274), (-4907, -6302), (-4116, -4180), (700, -6554), (7591, -1838), (5310, -2845), (-2693, -6256), (8735, 5153), (9136, 3955), (-8211, 3558), (4229, 3451), (-6231, 2074), (-1239, -2518), (-5117, -4429), (-809, 8137), (-7892, 8217), (5699, -1025), (4490, -4915), (-4276, -8471), (2611, -2810), (-6735, 7507), (-2896, -2982), (-8083, -6382), (-418, -5308), (-836, 3414), (-9015, 8269), (-855, -7780), (-195, -7948), (-7281, -974), (-3475, 5065), (-3678, -2112), (-3251, 5371), (-2027, -1039), (-115, 6694), (4939, -8409), (852, -5415), (-8766, 407), (-693, -5770), (-4290, -5208), (8188, 1610)]

theorem block_7_norm : energy block_7 = 3353075018 := by decide

def block_8 : List (Int × Int) := [(-6227, -9001), (-722, -136), (6937, 7142), (5259, -1350), (6789, 5432), (399, 8883), (-6431, -1572), (-875, 8725), (187, -1235), (-2893, -7723), (-6520, 5120), (6357, 4797), (-806, -2617), (-4380, 4380), (7422, -9166), (688, 6619), (5788, -1230), (630, -8597), (6810, 8696), (-5710, -5877), (6750, -3721), (3958, -8497), (3318, 457), (-6862, -2755), (6285, 656), (-4453, -2311), (-1590, -741), (1892, 7257), (-5272, -2967), (2093, 8659), (-1757, 41), (2407, -1530), (6286, 3729), (2413, 4716), (5057, -6363), (-4514, 604), (-2839, -5108), (7527, 8211), (2816, 2677), (6391, 3438), (1136, 1776), (-2484, -1031), (-3283, 2967), (2257, 7439), (5950, 7940), (2510, 453), (-3324, 4907), (3208, 2111), (7782, -1690), (1863, 3227), (-2759, 7381), (-3452, -2065), (4908, -4362), (-5819, 2377), (-2202, 4212), (-6424, 4640), (-8460, 6163), (684, -3212), (-1479, -5678), (-8715, 3241), (4837, -4037), (8030, -836), (-8661, 6380), (-4046, -6474)]

theorem block_8_norm : energy block_8 = 3316429520 := by decide

def block_9 : List (Int × Int) := [(3937, -8542), (886, -8471), (3990, 652), (-4826, 3462), (6245, 3155), (-3263, -4313), (-9088, 5409), (1190, -8157), (3819, 8779), (-9052, -2124), (-6773, 5882), (5578, 4391), (-199, -8390), (3607, -6851), (6130, 5128), (5586, -8865), (4816, -8735), (5272, 7456), (6995, 7304), (-2607, 909), (2248, 1644), (3724, 6697), (9156, -3726), (-4569, 6106), (4531, 5591), (4938, 8150), (-2456, 7463), (-7764, -2911), (-1249, 4496), (-2244, -710), (-1128, 8001), (7886, 1920), (2186, 7378), (-3317, 6159), (6890, -9021), (4204, 4377), (-7053, -520), (456, -8940), (-2238, -5996), (-3309, 7906), (-7256, 8348), (4688, 5744), (-5096, -8566), (6216, 9045), (5027, 4289), (-8981, -3694), (8333, -291), (-5724, 6369), (338, 5243), (3707, 3247), (8252, -1596), (-3746, -1917), (-7621, 1993), (338, 8980), (1295, 4296), (143, 5156), (-8748, 7349), (6339, 8209), (-3761, -8513), (-8796, -8091), (-1710, 7054), (-5147, 6680), (-7868, -4664), (3724, -7201)]

theorem block_9_norm : energy block_9 = 4374866884 := by decide

def block_10 : List (Int × Int) := [(3184, -4468), (6690, 4064), (6194, -65), (-4912, -2190), (1818, 1561), (4764, 4175), (-2422, -7016), (-1432, -5614), (7656, 4209), (503, 8923), (3109, -2856), (-5120, 1906), (-8875, 4038), (-1305, 4436), (424, -3194), (4755, -3282), (3330, 8994), (1266, 8750), (1780, -69), (-3964, -4180), (7431, -3051), (-8448, -6851), (-313, 3234), (6457, 766), (-439, -4758), (7447, 3292), (-6162, -8705), (7711, -3556), (-7902, -7506), (6515, 521), (272, -3698), (8406, -5405), (2286, -734), (6484, 7851), (2039, 8883), (-8521, 4998), (9168, -7485), (-9006, -2281), (-6227, 6291), (6788, -680), (-7329, -6420), (-2718, 5935), (-6941, -879), (2463, 5688), (2989, 105), (-3095, 5427), (-578, -6306), (-7348, -2172), (7591, -7221), (2657, -8931), (9019, -4758), (-9214, 3038), (-6603, -240), (-4780, 6222), (8131, -5240), (-5888, -8923), (-8114, 4031), (6269, 5450), (7508, -4895), (989, -1926), (5080, 4172), (-5868, -8095), (1408, 6297), (-2010, -2400)]

theorem block_10_norm : energy block_10 = 3861943334 := by decide

def block_11 : List (Int × Int) := [(4924, 8036), (32, 8261), (2615, 5576), (-2965, 1689), (-1748, 1852), (4228, 5411), (6377, -5529), (-2689, -6516), (6968, -632), (8627, -3463), (-3246, -5245), (8816, -176), (639, -3020), (4366, 2870), (-7622, -1382), (-9111, 1677), (-8732, -1408), (6887, 5853), (-591, 6458), (1912, -3531), (-867, 474), (-2661, 8701), (-5659, -5047), (2883, -7035), (2837, -5583), (7674, 8054), (-1766, -4929), (7106, 6216), (-1716, -5801), (-625, -1080), (6427, 7466), (-4736, -7331), (5219, -1061), (-6719, 1027), (-4520, 2128), (6244, -3707), (-2071, 3943), (-4453, -2875), (6292, 7263), (2475, 5909), (-1044, 8791), (-5771, -746), (790, 2227), (3001, 6107), (-8760, 7252), (-3452, -2013), (8005, 7861), (9044, 5045), (4875, 9147), (3037, -3980), (-1241, -6578), (-3711, 8240), (-2841, -4893), (-3136, 3545), (-5480, -3539), (8378, -142), (-375, -601), (-2752, -642), (-5551, -1199), (4779, -6863), (7584, 2037), (-551, 4583), (-8324, 310), (-6495, 1600)]

theorem block_11_norm : energy block_11 = 3684242302 := by decide

def firstPairs : List (Int × Int) := block_0 ++ block_1 ++ block_2 ++ block_3 ++ block_4 ++ block_5 ++ block_6 ++ block_7 ++ block_8 ++ block_9 ++ block_10 ++ block_11


def secondPairs : List (Int × Int) := (-20000, 0) :: List.replicate 767 (0, 0)
def machinePairs : List (Int × Int) := List.replicate 768 (0, 0)

theorem pair_counts : firstPairs.length = 768 ∧ secondPairs.length = 768 ∧ machinePairs.length = 768 := by decide

theorem first_total : energy firstPairs = 42658711057 := by
  simp only [firstPairs, energy_append,block_0_norm, block_1_norm, block_2_norm, block_3_norm, block_4_norm, block_5_norm, block_6_norm, block_7_norm, block_8_norm, block_9_norm, block_10_norm, block_11_norm]
  decide


theorem second_total : energy secondPairs = 400000000 := by decide
theorem machine_first_total : energy machinePairs = 0 := by decide

theorem full_extractor_norm : energy firstPairs + energy secondPairs = 43058711057 := by
  rw [first_total, second_total]
  decide

theorem machine_pair_short : energy machinePairs + energy secondPairs < 2093922385 := by
  rw [machine_first_total, second_total]
  decide

theorem extractor_pair_not_short : ¬ energy firstPairs + energy secondPairs < 2093922385 := by
  rw [full_extractor_norm]
  decide

theorem extractor_excess : energy firstPairs + energy secondPairs - 2093922385 = 40964788672 := by
  rw [full_extractor_norm]
  decide

theorem pre_ntt_word : ((-20000 : Int) + 18433) % 65536 = 63969 := by decide
theorem distinct_residues : (-20000 : Int) % 18433 = 16866 ∧ (63969 : Int) % 18433 = 8670 := by decide
theorem long_unary_counter_wrap : ((2 : Nat)^32) % (2^32) = 0 := by decide
theorem long_unary_accept_boundary : (((2 : Nat)^32 + 255) % (2^32)) ≤ 255 := by decide
theorem long_unary_reject_boundary : ¬ (((2 : Nat)^32 + 256) % (2^32)) ≤ 255 := by decide

#print axioms energy_append

#print axioms block_0_norm

#print axioms block_1_norm

#print axioms block_2_norm

#print axioms block_3_norm

#print axioms block_4_norm

#print axioms block_5_norm

#print axioms block_6_norm

#print axioms block_7_norm

#print axioms block_8_norm

#print axioms block_9_norm

#print axioms block_10_norm

#print axioms block_11_norm

#print axioms pair_counts

#print axioms first_total

#print axioms second_total

#print axioms machine_first_total

#print axioms full_extractor_norm

#print axioms machine_pair_short

#print axioms extractor_pair_not_short

#print axioms extractor_excess

#print axioms pre_ntt_word

#print axioms distinct_residues

#print axioms long_unary_counter_wrap

#print axioms long_unary_accept_boundary

#print axioms long_unary_reject_boundary
