bank 0 3fb999999999999a
b27b9cffb9409562 aa0adb62fc1574fc
6c57ab6d02a96fc4 8c91833c4fcac262
386194543de93e0c d04b0cb2c5e1ab79
18dd742fb0f6c4c6 0fb2f1b0717486a1
0936f0f72d064b52 8d02f5302d005320
02da03cae663e81a b36eadaadd9fc998
00bbcad428ecf244 e6b55ae1ffe7464f
002804f913206ce7 58dbd24de8e91fca
00070bfdbcf90cdb 0755e8b0eb18dbec
000105f67e6485eb 2e1ff1b363189273
00001f52e60ad91d cea7e039c9ad2371
00000314a17e4ff3 912cb9ab532fdf9c
0000003fbb88378b 39a95b33792458fa
000000043ab198dd 45bf1e49da87627b
000000003af688e5 ce49c5a9afe05dc9
0000000002a25228 5e93961c48d99a97
000000000018b3a8 fb0a0f2bad651ab4
000000000000bde5 b0551000b1b10d4d
00000000000004ac 73365f5f44890948
0000000000000018 20f1e5489eabc60d
0000000000000000 660ef876412445d2
0000000000000000 0161a0ab9f02c954
0000000000000000 0003eba58173ac91
0000000000000000 0000091d02efddb3
0000000000000000 000000115974164d
0000000000000000 000000001b0c6403
0000000000000000 000000000022884b
0000000000000000 000000000000241a
0000000000000000 000000000000001f
0000000000000000 0000000000000000
0000000000000000 0000000000000000
0000000000000000 0000000000000000
0000000000000000 0000000000000000
0000000000000000 0000000000000000
0000000000000000 0000000000000000
0000000000000000 0000000000000000
0000000000000000 0000000000000000
0000000000000000 0000000000000000
0000000000000000 0000000000000000
0000000000000000 0000000000000000
0000000000000000 0000000000000000
0000000000000000 0000000000000000
0000000000000000 0000000000000000
0000000000000000 0000000000000000
0000000000000000 0000000000000000
0000000000000000 0000000000000000
0000000000000000 0000000000000000
0000000000000000 0000000000000000
0000000000000000 0000000000000000
0000000000000000 0000000000000000
0000000000000000 0000000000000000
0000000000000000 0000000000000000
0000000000000000 0000000000000000
0000000000000000 0000000000000000
0000000000000000 0000000000000000
0000000000000000 0000000000000000
0000000000000000 0000000000000000
0000000000000000 0000000000000000
0000000000000000 0000000000000000
0000000000000000 0000000000000000
0000000000000000 0000000000000000
0000000000000000 0000000000000000
0000000000000000 0000000000000000
0000000000000000 0000000000000000
0000000000000000 0000000000000000
0000000000000000 0000000000000000
0000000000000000 0000000000000000
0000000000000000 0000000000000000
0000000000000000 0000000000000000
0000000000000000 0000000000000000
0000000000000000 0000000000000000
0000000000000000 0000000000000000
0000000000000000 0000000000000000
0000000000000000 0000000000000000
0000000000000000 0000000000000000
0000000000000000 0000000000000000
0000000000000000 0000000000000000
0000000000000000 0000000000000000
0000000000000000 0000000000000000
0000000000000000 0000000000000000
0000000000000000 0000000000000000
0000000000000000 0000000000000000
0000000000000000 0000000000000000
0000000000000000 0000000000000000
0000000000000000 0000000000000000
0000000000000000 0000000000000000
0000000000000000 0000000000000000
0000000000000000 0000000000000000
0000000000000000 0000000000000000
0000000000000000 0000000000000000
0000000000000000 0000000000000000
0000000000000000 0000000000000000
0000000000000000 0000000000000000
0000000000000000 0000000000000000
0000000000000000 0000000000000000
0000000000000000 0000000000000000
0000000000000000 0000000000000000
0000000000000000 0000000000000000
0000000000000000 0000000000000000
0000000000000000 0000000000000000
0000000000000000 0000000000000000
0000000000000000 0000000000000000
0000000000000000 0000000000000000
0000000000000000 0000000000000000
0000000000000000 0000000000000000
0000000000000000 0000000000000000
0000000000000000 0000000000000000
0000000000000000 0000000000000000
0000000000000000 0000000000000000
0000000000000000 0000000000000000
0000000000000000 0000000000000000
0000000000000000 0000000000000000
0000000000000000 0000000000000000
0000000000000000 0000000000000000
0000000000000000 0000000000000000
0000000000000000 0000000000000000
0000000000000000 0000000000000000
0000000000000000 0000000000000000
0000000000000000 0000000000000000
0000000000000000 0000000000000000
0000000000000000 0000000000000000
0000000000000000 0000000000000000
0000000000000000 0000000000000000
0000000000000000 0000000000000000
0000000000000000 0000000000000000
0000000000000000 0000000000000000
0000000000000000 0000000000000000
0000000000000000 0000000000000000
0000000000000000 0000000000000000
0000000000000000 0000000000000000
0000000000000000 0000000000000000
0000000000000000 0000000000000000
0000000000000000 0000000000000000
0000000000000000 0000000000000000
0000000000000000 0000000000000000
0000000000000000 0000000000000000
0000000000000000 0000000000000000
0000000000000000 0000000000000000
0000000000000000 0000000000000000
0000000000000000 0000000000000000
0000000000000000 0000000000000000
0000000000000000 0000000000000000
0000000000000000 0000000000000000
0000000000000000 0000000000000000
0000000000000000 0000000000000000
0000000000000000 0000000000000000
0000000000000000 0000000000000000
0000000000000000 0000000000000000
0000000000000000 0000000000000000
0000000000000000 0000000000000000
0000000000000000 0000000000000000
0000000000000000 0000000000000000
0000000000000000 0000000000000000
0000000000000000 0000000000000000
0000000000000000 0000000000000000
0000000000000000 0000000000000000
0000000000000000 0000000000000000
0000000000000000 0000000000000000
0000000000000000 0000000000000000
0000000000000000 0000000000000000
0000000000000000 0000000000000000
0000000000000000 0000000000000000
0000000000000000 0000000000000000
0000000000000000 0000000000000000
0000000000000000 0000000000000000
0000000000000000 0000000000000000
0000000000000000 0000000000000000
0000000000000000 0000000000000000
0000000000000000 0000000000000000
0000000000000000 0000000000000000
0000000000000000 0000000000000000
0000000000000000 0000000000000000
0000000000000000 0000000000000000
0000000000000000 0000000000000000
0000000000000000 0000000000000000
0000000000000000 0000000000000000
0000000000000000 0000000000000000
0000000000000000 0000000000000000
0000000000000000 0000000000000000
0000000000000000 0000000000000000
0000000000000000 0000000000000000
0000000000000000 0000000000000000
0000000000000000 0000000000000000
0000000000000000 0000000000000000
0000000000000000 0000000000000000
0000000000000000 0000000000000000
0000000000000000 0000000000000000
0000000000000000 0000000000000000
0000000000000000 0000000000000000
0000000000000000 0000000000000000
0000000000000000 0000000000000000
0000000000000000 0000000000000000
0000000000000000 0000000000000000
0000000000000000 0000000000000000
0000000000000000 0000000000000000
0000000000000000 0000000000000000
0000000000000000 0000000000000000
0000000000000000 0000000000000000
0000000000000000 0000000000000000
0000000000000000 0000000000000000
0000000000000000 0000000000000000
0000000000000000 0000000000000000
0000000000000000 0000000000000000
0000000000000000 0000000000000000
0000000000000000 0000000000000000
0000000000000000 0000000000000000
0000000000000000 0000000000000000
0000000000000000 0000000000000000
0000000000000000 0000000000000000
0000000000000000 0000000000000000
0000000000000000 0000000000000000
0000000000000000 0000000000000000
0000000000000000 0000000000000000
0000000000000000 0000000000000000
0000000000000000 0000000000000000
0000000000000000 0000000000000000
0000000000000000 0000000000000000
0000000000000000 0000000000000000
0000000000000000 0000000000000000
0000000000000000 0000000000000000
0000000000000000 0000000000000000
0000000000000000 0000000000000000
0000000000000000 0000000000000000
0000000000000000 0000000000000000
0000000000000000 0000000000000000
0000000000000000 0000000000000000
0000000000000000 0000000000000000
0000000000000000 0000000000000000
0000000000000000 0000000000000000
0000000000000000 0000000000000000
0000000000000000 0000000000000000
0000000000000000 0000000000000000
0000000000000000 0000000000000000
0000000000000000 0000000000000000
0000000000000000 0000000000000000
0000000000000000 0000000000000000
0000000000000000 0000000000000000
0000000000000000 0000000000000000
0000000000000000 0000000000000000
0000000000000000 0000000000000000
0000000000000000 0000000000000000
0000000000000000 0000000000000000
0000000000000000 0000000000000000
0000000000000000 0000000000000000
0000000000000000 0000000000000000
0000000000000000 0000000000000000
0000000000000000 0000000000000000
0000000000000000 0000000000000000
0000000000000000 0000000000000000
0000000000000000 0000000000000000
0000000000000000 0000000000000000
0000000000000000 0000000000000000
0000000000000000 0000000000000000
0000000000000000 0000000000000000
0000000000000000 0000000000000000
0000000000000000 0000000000000000
0000000000000000 0000000000000000
0000000000000000 0000000000000000
0000000000000000 0000000000000000
0000000000000000 0000000000000000
0000000000000000 0000000000000000
0000000000000000 0000000000000000
0000000000000000 0000000000000000
0000000000000000 0000000000000000
0000000000000000 0000000000000000
0000000000000000 0000000000000000
0000000000000000 0000000000000000
0000000000000000 0000000000000000
0000000000000000 0000000000000000
0000000000000000 0000000000000000
0000000000000000 0000000000000000
0000000000000000 0000000000000000
0000000000000000 0000000000000000
0000000000000000 0000000000000000
0000000000000000 0000000000000000
0000000000000000 0000000000000000
0000000000000000 0000000000000000
0000000000000000 0000000000000000
0000000000000000 0000000000000000
0000000000000000 0000000000000000
0000000000000000 0000000000000000
0000000000000000 0000000000000000
0000000000000000 0000000000000000
0000000000000000 0000000000000000
0000000000000000 0000000000000000
0000000000000000 0000000000000000
0000000000000000 0000000000000000
0000000000000000 0000000000000000
0000000000000000 0000000000000000
0000000000000000 0000000000000000
0000000000000000 0000000000000000
0000000000000000 0000000000000000
0000000000000000 0000000000000000
0000000000000000 0000000000000000
0000000000000000 0000000000000000
0000000000000000 0000000000000000
0000000000000000 0000000000000000
0000000000000000 0000000000000000
0000000000000000 0000000000000000
0000000000000000 0000000000000000
0000000000000000 0000000000000000
0000000000000000 0000000000000000
0000000000000000 0000000000000000
0000000000000000 0000000000000000
0000000000000000 0000000000000000
0000000000000000 0000000000000000
0000000000000000 0000000000000000
0000000000000000 0000000000000000
0000000000000000 0000000000000000
0000000000000000 0000000000000000
0000000000000000 0000000000000000
0000000000000000 0000000000000000
0000000000000000 0000000000000000
0000000000000000 0000000000000000
0000000000000000 0000000000000000
0000000000000000 0000000000000000
0000000000000000 0000000000000000
0000000000000000 0000000000000000
0000000000000000 0000000000000000
0000000000000000 0000000000000000
0000000000000000 0000000000000000
0000000000000000 0000000000000000
0000000000000000 0000000000000000
0000000000000000 0000000000000000
0000000000000000 0000000000000000
0000000000000000 0000000000000000
0000000000000000 0000000000000000
0000000000000000 0000000000000000
0000000000000000 0000000000000000
0000000000000000 0000000000000000
0000000000000000 0000000000000000
0000000000000000 0000000000000000
0000000000000000 0000000000000000
0000000000000000 0000000000000000
0000000000000000 0000000000000000
0000000000000000 0000000000000000
0000000000000000 0000000000000000
0000000000000000 0000000000000000
0000000000000000 0000000000000000
0000000000000000 0000000000000000
0000000000000000 0000000000000000
0000000000000000 0000000000000000
0000000000000000 0000000000000000
0000000000000000 0000000000000000
0000000000000000 0000000000000000
0000000000000000 0000000000000000
0000000000000000 0000000000000000
0000000000000000 0000000000000000
0000000000000000 0000000000000000
0000000000000000 0000000000000000
0000000000000000 0000000000000000
0000000000000000 0000000000000000
0000000000000000 0000000000000000
0000000000000000 0000000000000000
0000000000000000 0000000000000000
0000000000000000 0000000000000000
0000000000000000 0000000000000000
0000000000000000 0000000000000000
0000000000000000 0000000000000000
0000000000000000 0000000000000000
0000000000000000 0000000000000000
0000000000000000 0000000000000000
0000000000000000 0000000000000000
0000000000000000 0000000000000000
0000000000000000 0000000000000000
0000000000000000 0000000000000000
0000000000000000 0000000000000000
0000000000000000 0000000000000000
0000000000000000 0000000000000000
0000000000000000 0000000000000000
0000000000000000 0000000000000000
0000000000000000 0000000000000000
0000000000000000 0000000000000000
0000000000000000 0000000000000000
0000000000000000 0000000000000000
0000000000000000 0000000000000000
0000000000000000 0000000000000000
0000000000000000 0000000000000000
0000000000000000 0000000000000000
0000000000000000 0000000000000000
0000000000000000 0000000000000000
0000000000000000 0000000000000000
0000000000000000 0000000000000000
0000000000000000 0000000000000000
0000000000000000 0000000000000000
0000000000000000 0000000000000000
0000000000000000 0000000000000000
0000000000000000 0000000000000000
0000000000000000 0000000000000000
0000000000000000 0000000000000000
0000000000000000 0000000000000000
0000000000000000 0000000000000000
0000000000000000 0000000000000000
0000000000000000 0000000000000000
0000000000000000 0000000000000000
0000000000000000 0000000000000000
0000000000000000 0000000000000000
0000000000000000 0000000000000000
0000000000000000 0000000000000000
0000000000000000 0000000000000000
0000000000000000 0000000000000000
0000000000000000 0000000000000000
0000000000000000 0000000000000000
0000000000000000 0000000000000000
0000000000000000 0000000000000000
0000000000000000 0000000000000000
0000000000000000 0000000000000000
0000000000000000 0000000000000000
0000000000000000 0000000000000000
0000000000000000 0000000000000000
0000000000000000 0000000000000000
0000000000000000 0000000000000000
0000000000000000 0000000000000000
0000000000000000 0000000000000000
0000000000000000 0000000000000000
0000000000000000 0000000000000000
0000000000000000 0000000000000000
0000000000000000 0000000000000000
0000000000000000 0000000000000000
0000000000000000 0000000000000000
0000000000000000 0000000000000000
0000000000000000 0000000000000000
0000000000000000 0000000000000000
0000000000000000 0000000000000000
0000000000000000 0000000000000000
0000000000000000 0000000000000000
0000000000000000 0000000000000000
0000000000000000 0000000000000000
0000000000000000 0000000000000000
0000000000000000 0000000000000000
0000000000000000 0000000000000000
0000000000000000 0000000000000000
0000000000000000 0000000000000000
0000000000000000 0000000000000000
0000000000000000 0000000000000000
0000000000000000 0000000000000000
0000000000000000 0000000000000000
0000000000000000 0000000000000000
0000000000000000 0000000000000000
0000000000000000 0000000000000000
0000000000000000 0000000000000000
0000000000000000 0000000000000000
0000000000000000 0000000000000000
0000000000000000 0000000000000000
0000000000000000 0000000000000000
0000000000000000 0000000000000000
0000000000000000 0000000000000000
0000000000000000 0000000000000000
0000000000000000 0000000000000000
0000000000000000 0000000000000000
0000000000000000 0000000000000000
0000000000000000 0000000000000000
0000000000000000 0000000000000000
0000000000000000 0000000000000000
0000000000000000 0000000000000000
0000000000000000 0000000000000000
0000000000000000 0000000000000000
0000000000000000 0000000000000000
0000000000000000 0000000000000000
0000000000000000 0000000000000000
0000000000000000 0000000000000000
0000000000000000 0000000000000000
0000000000000000 0000000000000000
0000000000000000 0000000000000000
0000000000000000 0000000000000000
0000000000000000 0000000000000000
0000000000000000 0000000000000000
0000000000000000 0000000000000000
0000000000000000 0000000000000000
0000000000000000 0000000000000000
0000000000000000 0000000000000000
0000000000000000 0000000000000000
0000000000000000 0000000000000000
0000000000000000 0000000000000000
0000000000000000 0000000000000000
0000000000000000 0000000000000000
0000000000000000 0000000000000000
0000000000000000 0000000000000000
0000000000000000 0000000000000000
0000000000000000 0000000000000000
0000000000000000 0000000000000000
0000000000000000 0000000000000000
0000000000000000 0000000000000000
0000000000000000 0000000000000000
0000000000000000 0000000000000000
0000000000000000 0000000000000000
0000000000000000 0000000000000000
0000000000000000 0000000000000000
0000000000000000 0000000000000000
0000000000000000 0000000000000000
0000000000000000 0000000000000000
0000000000000000 0000000000000000
0000000000000000 0000000000000000
0000000000000000 0000000000000000
0000000000000000 0000000000000000
0000000000000000 0000000000000000
0000000000000000 0000000000000000
0000000000000000 0000000000000000
0000000000000000 0000000000000000
0000000000000000 0000000000000000
0000000000000000 0000000000000000
0000000000000000 0000000000000000
0000000000000000 0000000000000000
0000000000000000 0000000000000000
0000000000000000 0000000000000000
0000000000000000 0000000000000000
0000000000000000 0000000000000000
0000000000000000 0000000000000000
0000000000000000 0000000000000000
0000000000000000 0000000000000000
0000000000000000 0000000000000000
0000000000000000 0000000000000000
bank 1 3f9999999999999a
d6112d51359c212e d04b1e09169b69c8
ad2b65d3e59f4a4e 6722aa60e6ba985f
873a20d56ce7a8d8 54a458764385af72
65be32b0409b1c87 6a01306508423c76
49a26e53ebc5f90b f3a8818996b36096
33307e897782635a e9253758a2c2b293
22240a7c482016aa b020de59b47ec818
15d29aa2d3631f94 8fed19917c49c7df
0d5b47d9bcb394cc d65479889e9220e7
07d259a1cd0df256 771c3c27a5227bcf
04612ea45f6e8059 944ac475be08ab6c
0257ec2e344b8116 a6db6d4b088679be
01329b7527e486c7 0c617adfa1aca984
00959b5c4f3bf7a2 933f5da2fd046b19
0045ab4bdafdf1ef e83b9b1ff9684bff
001ef40c156bcc3c 5633e508b49a28d6
000d1de5b30a2441 d1ead7b4a5b4ba0d
00054cd9bf8f0e86 1090b11a24ececbf
00020ab0b21099ca 424604428ab4084a
0000bfeb5f6e6013 f9f12cb4ee47ff49
00004327bbee1e89 dc2ba97719950008
00001663e7966b0a 2597340728713c74
0000071cb0c90014 b2df918428cd6608
00000226e7bfa830 ab7a223104e4ae94
0000009ec57ee9ea 54948a6b061d3d4e
0000002b9442ce42 8a81e9a3fd992d78
0000000b640e371b 0d5fd895aec904ef
00000002d5c8d7b0 af3fa99178580c56
00000000abff4fb6 799291643724c144
0000000026ce8a10 218ffab161bc21b3
000000000855ec56 b8491edf723da8b0
0000000001b45849 ccbbfde7bc16ded1
000000000054eeef 82bb62a2c2a75164
00000000000fbc7e b37f38ebf535d715
000000000002c66f 6f85913b20a9a32c
000000000000773f 19a476b945fb2989
000000000000130c bd791455822e5a60
00000000000002e5 731340d3bce49feb
000000000000006b 483b73ffe751640c
000000000000000e c5c37e65aa371494
0000000000000001 ef8da062888149a4
0000000000000000 3dcb2efe60b5223e
0000000000000000 075517548f326150
0000000000000000 00d3f216297a6c9c
0000000000000000 0016c58415c6e2a6
0000000000000000 000253f720b74456
0000000000000000 000039f8f70c6d87
0000000000000000 0000055da06276b3
0000000000000000 00000078f8090a78
0000000000000000 0000000a22d75896
0000000000000000 00000000cede4b36
0000000000000000 000000000fb0f638
0000000000000000 000000000121e46b
0000000000000000 000000000013e77d
0000000000000000 0000000000014cdc
0000000000000000 00000000000014b0
0000000000000000 0000000000000139
0000000000000000 0000000000000012
0000000000000000 0000000000000001
0000000000000000 0000000000000000
0000000000000000 0000000000000000
0000000000000000 0000000000000000
0000000000000000 0000000000000000
0000000000000000 0000000000000000
0000000000000000 0000000000000000
0000000000000000 0000000000000000
0000000000000000 0000000000000000
0000000000000000 0000000000000000
0000000000000000 0000000000000000
0000000000000000 0000000000000000
0000000000000000 0000000000000000
0000000000000000 0000000000000000
0000000000000000 0000000000000000
0000000000000000 0000000000000000
0000000000000000 0000000000000000
0000000000000000 0000000000000000
0000000000000000 0000000000000000
0000000000000000 0000000000000000
0000000000000000 0000000000000000
0000000000000000 0000000000000000
0000000000000000 0000000000000000
0000000000000000 0000000000000000
0000000000000000 0000000000000000
0000000000000000 0000000000000000
0000000000000000 0000000000000000
0000000000000000 0000000000000000
0000000000000000 0000000000000000
0000000000000000 0000000000000000
0000000000000000 0000000000000000
0000000000000000 0000000000000000
0000000000000000 0000000000000000
0000000000000000 0000000000000000
0000000000000000 0000000000000000
0000000000000000 0000000000000000
0000000000000000 0000000000000000
0000000000000000 0000000000000000
0000000000000000 0000000000000000
0000000000000000 0000000000000000
0000000000000000 0000000000000000
0000000000000000 0000000000000000
0000000000000000 0000000000000000
0000000000000000 0000000000000000
0000000000000000 0000000000000000
0000000000000000 0000000000000000
0000000000000000 0000000000000000
0000000000000000 0000000000000000
0000000000000000 0000000000000000
0000000000000000 0000000000000000
0000000000000000 0000000000000000
0000000000000000 0000000000000000
0000000000000000 0000000000000000
0000000000000000 0000000000000000
0000000000000000 0000000000000000
0000000000000000 0000000000000000
0000000000000000 0000000000000000
0000000000000000 0000000000000000
0000000000000000 0000000000000000
0000000000000000 0000000000000000
0000000000000000 0000000000000000
0000000000000000 0000000000000000
0000000000000000 0000000000000000
0000000000000000 0000000000000000
0000000000000000 0000000000000000
0000000000000000 0000000000000000
0000000000000000 0000000000000000
0000000000000000 0000000000000000
0000000000000000 0000000000000000
0000000000000000 0000000000000000
0000000000000000 0000000000000000
0000000000000000 0000000000000000
0000000000000000 0000000000000000
0000000000000000 0000000000000000
0000000000000000 0000000000000000
0000000000000000 0000000000000000
0000000000000000 0000000000000000
0000000000000000 0000000000000000
0000000000000000 0000000000000000
0000000000000000 0000000000000000
0000000000000000 0000000000000000
0000000000000000 0000000000000000
0000000000000000 0000000000000000
0000000000000000 0000000000000000
0000000000000000 0000000000000000
0000000000000000 0000000000000000
0000000000000000 0000000000000000
0000000000000000 0000000000000000
0000000000000000 0000000000000000
0000000000000000 0000000000000000
0000000000000000 0000000000000000
0000000000000000 0000000000000000
0000000000000000 0000000000000000
0000000000000000 0000000000000000
0000000000000000 0000000000000000
0000000000000000 0000000000000000
0000000000000000 0000000000000000
0000000000000000 0000000000000000
0000000000000000 0000000000000000
0000000000000000 0000000000000000
0000000000000000 0000000000000000
0000000000000000 0000000000000000
0000000000000000 0000000000000000
0000000000000000 0000000000000000
0000000000000000 0000000000000000
0000000000000000 0000000000000000
0000000000000000 0000000000000000
0000000000000000 0000000000000000
0000000000000000 0000000000000000
0000000000000000 0000000000000000
0000000000000000 0000000000000000
0000000000000000 0000000000000000
0000000000000000 0000000000000000
0000000000000000 0000000000000000
0000000000000000 0000000000000000
0000000000000000 0000000000000000
0000000000000000 0000000000000000
0000000000000000 0000000000000000
0000000000000000 0000000000000000
0000000000000000 0000000000000000
0000000000000000 0000000000000000
0000000000000000 0000000000000000
0000000000000000 0000000000000000
0000000000000000 0000000000000000
0000000000000000 0000000000000000
0000000000000000 0000000000000000
0000000000000000 0000000000000000
0000000000000000 0000000000000000
0000000000000000 0000000000000000
0000000000000000 0000000000000000
0000000000000000 0000000000000000
0000000000000000 0000000000000000
0000000000000000 0000000000000000
0000000000000000 0000000000000000
0000000000000000 0000000000000000
0000000000000000 0000000000000000
0000000000000000 0000000000000000
0000000000000000 0000000000000000
0000000000000000 0000000000000000
0000000000000000 0000000000000000
0000000000000000 0000000000000000
0000000000000000 0000000000000000
0000000000000000 0000000000000000
0000000000000000 0000000000000000
0000000000000000 0000000000000000
0000000000000000 0000000000000000
0000000000000000 0000000000000000
0000000000000000 0000000000000000
0000000000000000 0000000000000000
0000000000000000 0000000000000000
0000000000000000 0000000000000000
0000000000000000 0000000000000000
0000000000000000 0000000000000000
0000000000000000 0000000000000000
0000000000000000 0000000000000000
0000000000000000 0000000000000000
0000000000000000 0000000000000000
0000000000000000 0000000000000000
0000000000000000 0000000000000000
0000000000000000 0000000000000000
0000000000000000 0000000000000000
0000000000000000 0000000000000000
0000000000000000 0000000000000000
0000000000000000 0000000000000000
0000000000000000 0000000000000000
0000000000000000 0000000000000000
0000000000000000 0000000000000000
0000000000000000 0000000000000000
0000000000000000 0000000000000000
0000000000000000 0000000000000000
0000000000000000 0000000000000000
0000000000000000 0000000000000000
0000000000000000 0000000000000000
0000000000000000 0000000000000000
0000000000000000 0000000000000000
0000000000000000 0000000000000000
0000000000000000 0000000000000000
0000000000000000 0000000000000000
0000000000000000 0000000000000000
0000000000000000 0000000000000000
0000000000000000 0000000000000000
0000000000000000 0000000000000000
0000000000000000 0000000000000000
0000000000000000 0000000000000000
0000000000000000 0000000000000000
0000000000000000 0000000000000000
0000000000000000 0000000000000000
0000000000000000 0000000000000000
0000000000000000 0000000000000000
0000000000000000 0000000000000000
0000000000000000 0000000000000000
0000000000000000 0000000000000000
0000000000000000 0000000000000000
0000000000000000 0000000000000000
0000000000000000 0000000000000000
0000000000000000 0000000000000000
0000000000000000 0000000000000000
0000000000000000 0000000000000000
0000000000000000 0000000000000000
0000000000000000 0000000000000000
0000000000000000 0000000000000000
0000000000000000 0000000000000000
0000000000000000 0000000000000000
0000000000000000 0000000000000000
0000000000000000 0000000000000000
0000000000000000 0000000000000000
0000000000000000 0000000000000000
0000000000000000 0000000000000000
0000000000000000 0000000000000000
0000000000000000 0000000000000000
0000000000000000 0000000000000000
0000000000000000 0000000000000000
0000000000000000 0000000000000000
0000000000000000 0000000000000000
0000000000000000 0000000000000000
0000000000000000 0000000000000000
0000000000000000 0000000000000000
0000000000000000 0000000000000000
0000000000000000 0000000000000000
0000000000000000 0000000000000000
0000000000000000 0000000000000000
0000000000000000 0000000000000000
0000000000000000 0000000000000000
0000000000000000 0000000000000000
0000000000000000 0000000000000000
0000000000000000 0000000000000000
0000000000000000 0000000000000000
0000000000000000 0000000000000000
0000000000000000 0000000000000000
0000000000000000 0000000000000000
0000000000000000 0000000000000000
0000000000000000 0000000000000000
0000000000000000 0000000000000000
0000000000000000 0000000000000000
0000000000000000 0000000000000000
0000000000000000 0000000000000000
0000000000000000 0000000000000000
0000000000000000 0000000000000000
0000000000000000 0000000000000000
0000000000000000 0000000000000000
0000000000000000 0000000000000000
0000000000000000 0000000000000000
0000000000000000 0000000000000000
0000000000000000 0000000000000000
0000000000000000 0000000000000000
0000000000000000 0000000000000000
0000000000000000 0000000000000000
0000000000000000 0000000000000000
0000000000000000 0000000000000000
0000000000000000 0000000000000000
0000000000000000 0000000000000000
0000000000000000 0000000000000000
0000000000000000 0000000000000000
0000000000000000 0000000000000000
0000000000000000 0000000000000000
0000000000000000 0000000000000000
0000000000000000 0000000000000000
0000000000000000 0000000000000000
0000000000000000 0000000000000000
0000000000000000 0000000000000000
0000000000000000 0000000000000000
0000000000000000 0000000000000000
0000000000000000 0000000000000000
0000000000000000 0000000000000000
0000000000000000 0000000000000000
0000000000000000 0000000000000000
0000000000000000 0000000000000000
0000000000000000 0000000000000000
0000000000000000 0000000000000000
0000000000000000 0000000000000000
0000000000000000 0000000000000000
0000000000000000 0000000000000000
0000000000000000 0000000000000000
0000000000000000 0000000000000000
0000000000000000 0000000000000000
0000000000000000 0000000000000000
0000000000000000 0000000000000000
0000000000000000 0000000000000000
0000000000000000 0000000000000000
0000000000000000 0000000000000000
0000000000000000 0000000000000000
0000000000000000 0000000000000000
0000000000000000 0000000000000000
0000000000000000 0000000000000000
0000000000000000 0000000000000000
0000000000000000 0000000000000000
0000000000000000 0000000000000000
0000000000000000 0000000000000000
0000000000000000 0000000000000000
0000000000000000 0000000000000000
0000000000000000 0000000000000000
0000000000000000 0000000000000000
0000000000000000 0000000000000000
0000000000000000 0000000000000000
0000000000000000 0000000000000000
0000000000000000 0000000000000000
0000000000000000 0000000000000000
0000000000000000 0000000000000000
0000000000000000 0000000000000000
0000000000000000 0000000000000000
0000000000000000 0000000000000000
0000000000000000 0000000000000000
0000000000000000 0000000000000000
0000000000000000 0000000000000000
0000000000000000 0000000000000000
0000000000000000 0000000000000000
0000000000000000 0000000000000000
0000000000000000 0000000000000000
0000000000000000 0000000000000000
0000000000000000 0000000000000000
0000000000000000 0000000000000000
0000000000000000 0000000000000000
0000000000000000 0000000000000000
0000000000000000 0000000000000000
0000000000000000 0000000000000000
0000000000000000 0000000000000000
0000000000000000 0000000000000000
0000000000000000 0000000000000000
0000000000000000 0000000000000000
0000000000000000 0000000000000000
0000000000000000 0000000000000000
0000000000000000 0000000000000000
0000000000000000 0000000000000000
0000000000000000 0000000000000000
0000000000000000 0000000000000000
0000000000000000 0000000000000000
0000000000000000 0000000000000000
0000000000000000 0000000000000000
0000000000000000 0000000000000000
0000000000000000 0000000000000000
0000000000000000 0000000000000000
0000000000000000 0000000000000000
0000000000000000 0000000000000000
0000000000000000 0000000000000000
0000000000000000 0000000000000000
0000000000000000 0000000000000000
0000000000000000 0000000000000000
0000000000000000 0000000000000000
0000000000000000 0000000000000000
0000000000000000 0000000000000000
0000000000000000 0000000000000000
0000000000000000 0000000000000000
0000000000000000 0000000000000000
0000000000000000 0000000000000000
0000000000000000 0000000000000000
0000000000000000 0000000000000000
0000000000000000 0000000000000000
0000000000000000 0000000000000000
0000000000000000 0000000000000000
0000000000000000 0000000000000000
0000000000000000 0000000000000000
0000000000000000 0000000000000000
0000000000000000 0000000000000000
0000000000000000 0000000000000000
0000000000000000 0000000000000000
0000000000000000 0000000000000000
0000000000000000 0000000000000000
0000000000000000 0000000000000000
0000000000000000 0000000000000000
0000000000000000 0000000000000000
0000000000000000 0000000000000000
0000000000000000 0000000000000000
0000000000000000 0000000000000000
0000000000000000 0000000000000000
0000000000000000 0000000000000000
0000000000000000 0000000000000000
0000000000000000 0000000000000000
0000000000000000 0000000000000000
0000000000000000 0000000000000000
0000000000000000 0000000000000000
0000000000000000 0000000000000000
0000000000000000 0000000000000000
0000000000000000 0000000000000000
0000000000000000 0000000000000000
0000000000000000 0000000000000000
0000000000000000 0000000000000000
0000000000000000 0000000000000000
0000000000000000 0000000000000000
0000000000000000 0000000000000000
0000000000000000 0000000000000000
0000000000000000 0000000000000000
0000000000000000 0000000000000000
0000000000000000 0000000000000000
0000000000000000 0000000000000000
0000000000000000 0000000000000000
0000000000000000 0000000000000000
0000000000000000 0000000000000000
0000000000000000 0000000000000000
0000000000000000 0000000000000000
0000000000000000 0000000000000000
0000000000000000 0000000000000000
0000000000000000 0000000000000000
0000000000000000 0000000000000000
0000000000000000 0000000000000000
0000000000000000 0000000000000000
0000000000000000 0000000000000000
0000000000000000 0000000000000000
0000000000000000 0000000000000000
0000000000000000 0000000000000000
0000000000000000 0000000000000000
0000000000000000 0000000000000000
0000000000000000 0000000000000000
0000000000000000 0000000000000000
0000000000000000 0000000000000000
0000000000000000 0000000000000000
0000000000000000 0000000000000000
0000000000000000 0000000000000000
0000000000000000 0000000000000000
0000000000000000 0000000000000000
0000000000000000 0000000000000000
0000000000000000 0000000000000000
0000000000000000 0000000000000000
0000000000000000 0000000000000000
0000000000000000 0000000000000000
0000000000000000 0000000000000000
0000000000000000 0000000000000000
0000000000000000 0000000000000000
0000000000000000 0000000000000000
0000000000000000 0000000000000000
0000000000000000 0000000000000000
0000000000000000 0000000000000000
0000000000000000 0000000000000000
0000000000000000 0000000000000000
0000000000000000 0000000000000000
0000000000000000 0000000000000000
0000000000000000 0000000000000000
0000000000000000 0000000000000000
0000000000000000 0000000000000000
0000000000000000 0000000000000000
0000000000000000 0000000000000000
0000000000000000 0000000000000000
0000000000000000 0000000000000000
0000000000000000 0000000000000000
0000000000000000 0000000000000000
0000000000000000 0000000000000000
0000000000000000 0000000000000000
0000000000000000 0000000000000000
0000000000000000 0000000000000000
0000000000000000 0000000000000000
0000000000000000 0000000000000000
0000000000000000 0000000000000000
0000000000000000 0000000000000000
0000000000000000 0000000000000000
0000000000000000 0000000000000000
0000000000000000 0000000000000000
0000000000000000 0000000000000000
0000000000000000 0000000000000000
0000000000000000 0000000000000000
0000000000000000 0000000000000000
0000000000000000 0000000000000000
0000000000000000 0000000000000000
0000000000000000 0000000000000000
0000000000000000 0000000000000000
0000000000000000 0000000000000000
bank 2 3f7999999999999a
ea23685120d03ec3 a909ab6a6e569fe4
d469af41cfd5170a 4e47736cb6ffc29c
bf1745bf1be67a14 0b3985be650feb51
aa6ccc48a570d6e7 a409d8136a1b49d9
96a4caaa8fbe835c 5c33991d93e11102
83f1c5bcba556e62 36e0bfb08f95f90d
727ccd71f8d0d26f 4752434b946de694
626493ad6db5e21a b963d4fc5457c0ee
53bd119749aae0cd fbd4731862aad338
468fb6984815eeb4 cd23e1167989fc7e
3adc12ba8036110a 202f828a32de4fb6
3098e6bae7b788ed 2330fc20f4e487bd
27b57f1f9c868499 d6eab0f51d5e504a
201b3d62ab1ad952 2fdf6fc031a257e2
19af3298969b4787 11c2b8fe1e0e38ad
1453b193d2ee3f99 4047d8488b2ffe94
0fe9c2d8d4176747 e7fd6a7b6c3eb451
0c526a1d601b95fb 5cbcdf4a4ae9a4ce
096fb2e1b1801488 72fe6d9131d339f6
07257f5a9e52888f dc109a95b65f1791
055a19e771ff020a 67fd9020ca7772ea
03f68d58f8ac6141 24595615d2c6c826
02e6cb3678c3d0e5 92fc57af3d4fa113
0219a8eb817b28ee 34bb82cabfaea441
0180bd77654675fc 98df509968e30c17
01102902ec64b985 a55558e9816307c6
00be4ee3b6b50a89 b1dab0d43d47d4c4
0083894aeebf02f5 c25850c8723554ec
0059dc5df3679cf9 73ca010d055ff5a4
003cacf1da4a1998 0913bba62c74a601
00287db8cdde1a23 7d928511f4ab1f26
001ab478cf6d8881 f4210c93938994e8
001167e9ae192118 4bfcca3ce14053db
000b361e5b0da902 d6da9c53d9901821
000722dfd0974bae 3f125f0a446f13db
00047d15073420a4 d7065096a93317e2
0002ca31768c26b0 795d0bfb7f12e57f
0001b69f9d844b04 a08b7832cb0ecd08
00010a2d26dd8411 3cefc7a49158713e
00009f9a2daec722 41564795630ea46a
00005e8e7850fcab 2a5469b18a2b88af
000037599fff4996 7f1f41ba47753d88
000020030d047ef8 755987eae0ae1382
0000124ac7a7c25d 7d473cdaeb589d77
00000a53abd1340c 2d92112b8d4e3504
000005c289a8552a c443167d0dc74c60
0000032c8939efeb e5e04321540b407a
000001ba586c88eb 1974c825b853a9d3
000000ede81ee3f3 c5cebbd59ec3ed57
0000007e684e513e f4087d04f612462b
000000425a1d23c1 56eb196c6e779191
00000022682c8a2f 84f5ae1146d35698
00000011a0260a9a c75e51251effee8f
00000008eb6665c6 fd00db83abdc7b9d
000000047580f484 9aaafba434c831ea
0000000233b8eca2 eb516017fff1e395
0000000113017a47 ade047c6422ab91e
000000008486d1e7 2b746c27f5389fce
000000003f167dd1 2f71b8405295aad3
000000001daa9ed9 49a93d8b29e6ca7e
000000000dc7c653 276268fcee1d8987
000000000652b3ac 37428d5cb1835c13
0000000002ddabaa 39652d8ae290d5db
0000000001487945 b341f3af261116b7
00000000009143fb c40b2de62997916c
00000000003f752d a99f711b8a11ff32
00000000001b61c4 5b8390c7a6d84a67
00000000000babb4 060f6407348d9a62
000000000004e9d5 cb26b3ccb522c223
0000000000020b12 01e54acd3d6ae0c0
000000000000d6da be3d1629924d8490
000000000000572b e6c9d7e042c99b4a
00000000000022ef 1aa6ec1afec42e62
0000000000000dd4 016a9fd93624948d
0000000000000568 131b963681c70b96
0000000000000216 81b912a1c95f0a5e
00000000000000cb e24f1ac9b26a17e0
000000000000004c d0b8d642a4b52ccb
000000000000001c 95e229dcd2b04e46
000000000000000a 81c4441a1582288c
0000000000000003 d080cdf09da65ea7
0000000000000001 5e27d86d303240f3
0000000000000000 7c03f1e0f2a99479
0000000000000000 2b61f3b607a718b6
0000000000000000 0efd407496f0b4d8
0000000000000000 051d81ceea1ebc79
0000000000000000 01b9627687aa2cb6
0000000000000000 0092f14193a5eff7
0000000000000000 0030510df1e1a853
0000000000000000 000fb1059a3ced5d
0000000000000000 000508838f299c96
0000000000000000 000198375547a20b
0000000000000000 00007fbbe4cb6771
0000000000000000 00002779f06722ec
0000000000000000 00000c0cc060a8ca
0000000000000000 000003a1fc2592c9
0000000000000000 00000114e9ab4e3f
0000000000000000 000000516fcf92a0
0000000000000000 00000017a7773c3e
0000000000000000 00000006c92ca10e
0000000000000000 00000001ec34d29c
0000000000000000 0000000089bd48d4
0000000000000000 000000002611c147
0000000000000000 000000000a64592d
0000000000000000 0000000002cd3e45
0000000000000000 0000000000befc17
0000000000000000 0000000000323a07
0000000000000000 00000000000d0bbe
0000000000000000 00000000000358c0
0000000000000000 000000000000d911
0000000000000000 0000000000003651
0000000000000000 0000000000000d6d
0000000000000000 0000000000000347
0000000000000000 00000000000000ca
0000000000000000 0000000000000030
0000000000000000 000000000000000b
0000000000000000 0000000000000003
0000000000000000 0000000000000001
0000000000000000 0000000000000000
0000000000000000 0000000000000000
0000000000000000 0000000000000000
0000000000000000 0000000000000000
0000000000000000 0000000000000000
0000000000000000 0000000000000000
0000000000000000 0000000000000000
0000000000000000 0000000000000000
0000000000000000 0000000000000000
0000000000000000 0000000000000000
0000000000000000 0000000000000000
0000000000000000 0000000000000000
0000000000000000 0000000000000000
0000000000000000 0000000000000000
0000000000000000 0000000000000000
0000000000000000 0000000000000000
0000000000000000 0000000000000000
0000000000000000 0000000000000000
0000000000000000 0000000000000000
0000000000000000 0000000000000000
0000000000000000 0000000000000000
0000000000000000 0000000000000000
0000000000000000 0000000000000000
0000000000000000 0000000000000000
0000000000000000 0000000000000000
0000000000000000 0000000000000000
0000000000000000 0000000000000000
0000000000000000 0000000000000000
0000000000000000 0000000000000000
0000000000000000 0000000000000000
0000000000000000 0000000000000000
0000000000000000 0000000000000000
0000000000000000 0000000000000000
0000000000000000 0000000000000000
0000000000000000 0000000000000000
0000000000000000 0000000000000000
0000000000000000 0000000000000000
0000000000000000 0000000000000000
0000000000000000 0000000000000000
0000000000000000 0000000000000000
0000000000000000 0000000000000000
0000000000000000 0000000000000000
0000000000000000 0000000000000000
0000000000000000 0000000000000000
0000000000000000 0000000000000000
0000000000000000 0000000000000000
0000000000000000 0000000000000000
0000000000000000 0000000000000000
0000000000000000 0000000000000000
0000000000000000 0000000000000000
0000000000000000 0000000000000000
0000000000000000 0000000000000000
0000000000000000 0000000000000000
0000000000000000 0000000000000000
0000000000000000 0000000000000000
0000000000000000 0000000000000000
0000000000000000 0000000000000000
0000000000000000 0000000000000000
0000000000000000 0000000000000000
0000000000000000 0000000000000000
0000000000000000 0000000000000000
0000000000000000 0000000000000000
0000000000000000 0000000000000000
0000000000000000 0000000000000000
0000000000000000 0000000000000000
0000000000000000 0000000000000000
0000000000000000 0000000000000000
0000000000000000 0000000000000000
0000000000000000 0000000000000000
0000000000000000 0000000000000000
0000000000000000 0000000000000000
0000000000000000 0000000000000000
0000000000000000 0000000000000000
0000000000000000 0000000000000000
0000000000000000 0000000000000000
0000000000000000 0000000000000000
0000000000000000 0000000000000000
0000000000000000 0000000000000000
0000000000000000 0000000000000000
0000000000000000 0000000000000000
0000000000000000 0000000000000000
0000000000000000 0000000000000000
0000000000000000 0000000000000000
0000000000000000 0000000000000000
0000000000000000 0000000000000000
0000000000000000 0000000000000000
0000000000000000 0000000000000000
0000000000000000 0000000000000000
0000000000000000 0000000000000000
0000000000000000 0000000000000000
0000000000000000 0000000000000000
0000000000000000 0000000000000000
0000000000000000 0000000000000000
0000000000000000 0000000000000000
0000000000000000 0000000000000000
0000000000000000 0000000000000000
0000000000000000 0000000000000000
0000000000000000 0000000000000000
0000000000000000 0000000000000000
0000000000000000 0000000000000000
0000000000000000 0000000000000000
0000000000000000 0000000000000000
0000000000000000 0000000000000000
0000000000000000 0000000000000000
0000000000000000 0000000000000000
0000000000000000 0000000000000000
0000000000000000 0000000000000000
0000000000000000 0000000000000000
0000000000000000 0000000000000000
0000000000000000 0000000000000000
0000000000000000 0000000000000000
0000000000000000 0000000000000000
0000000000000000 0000000000000000
0000000000000000 0000000000000000
0000000000000000 0000000000000000
0000000000000000 0000000000000000
0000000000000000 0000000000000000
0000000000000000 0000000000000000
0000000000000000 0000000000000000
0000000000000000 0000000000000000
0000000000000000 0000000000000000
0000000000000000 0000000000000000
0000000000000000 0000000000000000
0000000000000000 0000000000000000
0000000000000000 0000000000000000
0000000000000000 0000000000000000
0000000000000000 0000000000000000
0000000000000000 0000000000000000
0000000000000000 0000000000000000
0000000000000000 0000000000000000
0000000000000000 0000000000000000
0000000000000000 0000000000000000
0000000000000000 0000000000000000
0000000000000000 0000000000000000
0000000000000000 0000000000000000
0000000000000000 0000000000000000
0000000000000000 0000000000000000
0000000000000000 0000000000000000
0000000000000000 0000000000000000
0000000000000000 0000000000000000
0000000000000000 0000000000000000
0000000000000000 0000000000000000
0000000000000000 0000000000000000
0000000000000000 0000000000000000
0000000000000000 0000000000000000
0000000000000000 0000000000000000
0000000000000000 0000000000000000
0000000000000000 0000000000000000
0000000000000000 0000000000000000
0000000000000000 0000000000000000
0000000000000000 0000000000000000
0000000000000000 0000000000000000
0000000000000000 0000000000000000
0000000000000000 0000000000000000
0000000000000000 0000000000000000
0000000000000000 0000000000000000
0000000000000000 0000000000000000
0000000000000000 0000000000000000
0000000000000000 0000000000000000
0000000000000000 0000000000000000
0000000000000000 0000000000000000
0000000000000000 0000000000000000
0000000000000000 0000000000000000
0000000000000000 0000000000000000
0000000000000000 0000000000000000
0000000000000000 0000000000000000
0000000000000000 0000000000000000
0000000000000000 0000000000000000
0000000000000000 0000000000000000
0000000000000000 0000000000000000
0000000000000000 0000000000000000
0000000000000000 0000000000000000
0000000000000000 0000000000000000
0000000000000000 0000000000000000
0000000000000000 0000000000000000
0000000000000000 0000000000000000
0000000000000000 0000000000000000
0000000000000000 0000000000000000
0000000000000000 0000000000000000
0000000000000000 0000000000000000
0000000000000000 0000000000000000
0000000000000000 0000000000000000
0000000000000000 0000000000000000
0000000000000000 0000000000000000
0000000000000000 0000000000000000
0000000000000000 0000000000000000
0000000000000000 0000000000000000
0000000000000000 0000000000000000
0000000000000000 0000000000000000
0000000000000000 0000000000000000
0000000000000000 0000000000000000
0000000000000000 0000000000000000
0000000000000000 0000000000000000
0000000000000000 0000000000000000
0000000000000000 0000000000000000
0000000000000000 0000000000000000
0000000000000000 0000000000000000
0000000000000000 0000000000000000
0000000000000000 0000000000000000
0000000000000000 0000000000000000
0000000000000000 0000000000000000
0000000000000000 0000000000000000
0000000000000000 0000000000000000
0000000000000000 0000000000000000
0000000000000000 0000000000000000
0000000000000000 0000000000000000
0000000000000000 0000000000000000
0000000000000000 0000000000000000
0000000000000000 0000000000000000
0000000000000000 0000000000000000
0000000000000000 0000000000000000
0000000000000000 0000000000000000
0000000000000000 0000000000000000
0000000000000000 0000000000000000
0000000000000000 0000000000000000
0000000000000000 0000000000000000
0000000000000000 0000000000000000
0000000000000000 0000000000000000
0000000000000000 0000000000000000
0000000000000000 0000000000000000
0000000000000000 0000000000000000
0000000000000000 0000000000000000
0000000000000000 0000000000000000
0000000000000000 0000000000000000
0000000000000000 0000000000000000
0000000000000000 0000000000000000
0000000000000000 0000000000000000
0000000000000000 0000000000000000
0000000000000000 0000000000000000
0000000000000000 0000000000000000
0000000000000000 0000000000000000
0000000000000000 0000000000000000
0000000000000000 0000000000000000
0000000000000000 0000000000000000
0000000000000000 0000000000000000
0000000000000000 0000000000000000
0000000000000000 0000000000000000
0000000000000000 0000000000000000
0000000000000000 0000000000000000
0000000000000000 0000000000000000
0000000000000000 0000000000000000
0000000000000000 0000000000000000
0000000000000000 0000000000000000
0000000000000000 0000000000000000
0000000000000000 0000000000000000
0000000000000000 0000000000000000
0000000000000000 0000000000000000
0000000000000000 0000000000000000
0000000000000000 0000000000000000
0000000000000000 0000000000000000
0000000000000000 0000000000000000
0000000000000000 0000000000000000
0000000000000000 0000000000000000
0000000000000000 0000000000000000
0000000000000000 0000000000000000
0000000000000000 0000000000000000
0000000000000000 0000000000000000
0000000000000000 0000000000000000
0000000000000000 0000000000000000
0000000000000000 0000000000000000
0000000000000000 0000000000000000
0000000000000000 0000000000000000
0000000000000000 0000000000000000
0000000000000000 0000000000000000
0000000000000000 0000000000000000
0000000000000000 0000000000000000
0000000000000000 0000000000000000
0000000000000000 0000000000000000
0000000000000000 0000000000000000
0000000000000000 0000000000000000
0000000000000000 0000000000000000
0000000000000000 0000000000000000
0000000000000000 0000000000000000
0000000000000000 0000000000000000
0000000000000000 0000000000000000
0000000000000000 0000000000000000
0000000000000000 0000000000000000
0000000000000000 0000000000000000
0000000000000000 0000000000000000
0000000000000000 0000000000000000
0000000000000000 0000000000000000
0000000000000000 0000000000000000
0000000000000000 0000000000000000
0000000000000000 0000000000000000
0000000000000000 0000000000000000
0000000000000000 0000000000000000
0000000000000000 0000000000000000
0000000000000000 0000000000000000
0000000000000000 0000000000000000
0000000000000000 0000000000000000
0000000000000000 0000000000000000
0000000000000000 0000000000000000
0000000000000000 0000000000000000
0000000000000000 0000000000000000
0000000000000000 0000000000000000
0000000000000000 0000000000000000
0000000000000000 0000000000000000
0000000000000000 0000000000000000
0000000000000000 0000000000000000
0000000000000000 0000000000000000
0000000000000000 0000000000000000
0000000000000000 0000000000000000
0000000000000000 0000000000000000
0000000000000000 0000000000000000
0000000000000000 0000000000000000
0000000000000000 0000000000000000
0000000000000000 0000000000000000
0000000000000000 0000000000000000
0000000000000000 0000000000000000
0000000000000000 0000000000000000
0000000000000000 0000000000000000
0000000000000000 0000000000000000
0000000000000000 0000000000000000
0000000000000000 0000000000000000
0000000000000000 0000000000000000
0000000000000000 0000000000000000
0000000000000000 0000000000000000
0000000000000000 0000000000000000
0000000000000000 0000000000000000
0000000000000000 0000000000000000
0000000000000000 0000000000000000
0000000000000000 0000000000000000
0000000000000000 0000000000000000
0000000000000000 0000000000000000
0000000000000000 0000000000000000
0000000000000000 0000000000000000
0000000000000000 0000000000000000
0000000000000000 0000000000000000
0000000000000000 0000000000000000
0000000000000000 0000000000000000
0000000000000000 0000000000000000
0000000000000000 0000000000000000
0000000000000000 0000000000000000
0000000000000000 0000000000000000
0000000000000000 0000000000000000
0000000000000000 0000000000000000
0000000000000000 0000000000000000
0000000000000000 0000000000000000
0000000000000000 0000000000000000
0000000000000000 0000000000000000
0000000000000000 0000000000000000
0000000000000000 0000000000000000
0000000000000000 0000000000000000
0000000000000000 0000000000000000
0000000000000000 0000000000000000
0000000000000000 0000000000000000
0000000000000000 0000000000000000
0000000000000000 0000000000000000
0000000000000000 0000000000000000
0000000000000000 0000000000000000
0000000000000000 0000000000000000
0000000000000000 0000000000000000
0000000000000000 0000000000000000
0000000000000000 0000000000000000
0000000000000000 0000000000000000
0000000000000000 0000000000000000
0000000000000000 0000000000000000
0000000000000000 0000000000000000
0000000000000000 0000000000000000
0000000000000000 0000000000000000
0000000000000000 0000000000000000
0000000000000000 0000000000000000
0000000000000000 0000000000000000
0000000000000000 0000000000000000
0000000000000000 0000000000000000
0000000000000000 0000000000000000
0000000000000000 0000000000000000
0000000000000000 0000000000000000
0000000000000000 0000000000000000
0000000000000000 0000000000000000
0000000000000000 0000000000000000
0000000000000000 0000000000000000
0000000000000000 0000000000000000
0000000000000000 0000000000000000
0000000000000000 0000000000000000
0000000000000000 0000000000000000
0000000000000000 0000000000000000
0000000000000000 0000000000000000
0000000000000000 0000000000000000
0000000000000000 0000000000000000
0000000000000000 0000000000000000
0000000000000000 0000000000000000
0000000000000000 0000000000000000
0000000000000000 0000000000000000
0000000000000000 0000000000000000
0000000000000000 0000000000000000
0000000000000000 0000000000000000
0000000000000000 0000000000000000
0000000000000000 0000000000000000
0000000000000000 0000000000000000
0000000000000000 0000000000000000
0000000000000000 0000000000000000
0000000000000000 0000000000000000
0000000000000000 0000000000000000
bank 3 3f5999999999999a
f4d4a8a6aac978c7 8f85cbca52ee10cc
e9adc8253ee30f95 68924e2ba87c60bd
de944179ba35ed03 3b826f10c529249b
d390d7b7448b45b1 6028011d2cba6c7e
c8ac194c38415870 64a7e79b76e19868
bdee4c18d409c8d6 0961fd568abc786e
b35f5aa3aff49ae5 1d0af7847513bf1b
a906c2b2ea12a1b1 5580524da4d84a2d
9eeb8589632faa28 7ca76c552793dba4
951419fe87e1cf86 773959dd8e5ce225
8b86609d42dcf046 f6fdbaee25c36543
824799ec16972523 b2a75317c1095f41
795c5ef545263826 0dc5861635dfad4c
70c89c1aa6b87469 038343fcddd2d1a1
688f8e35a151446e ea577e7edc3b906b
60b3c1f8e4ca6972 74a0fbdf452c742a
5937157f5cdf27c4 8cb17dff06c05c69
521abbea71da9a27 65e3b88245362ccb
4b5f42e960d16c04 27f7d23bcc0b8cd9
450499fc5623f920 d9afff9ecf47ad31
3f0a1b40263bdf62 99a54aaf15518439
396e958b144f381e b033cc2f4f9aacac
343057a01602c751 34786a310cc518fc
2f4d3c3c6b47b0ab a3f9ea4564b24fe8
2ac2b6c3284c7300 6424403a6f0c3c3f
268de04b5f82c437 27ac28b0415111aa
22ab84d7d7a5e96f 947ef83ae80a3708
1f18308283196451 044d6f2ba80c5ed6
1bd03c6a1bcd7580 17c657329a6cb81f
18cfdb352ea608f2 f737eebdea129451
1613250356e5f1da 272ef8381a5075d0
139622ab40bbbe5e b9a594ef6dca8f1b
1154d82a161de5b9 df51cdd7a16fba36
0f4b4e2f113f9125 a60a663b42ef6eab
0d759ab3ede5b0b5 26675354db3cb93e
0bcfe898b4b82b07 7dcbf74c3d996e61
0a567e3ec4057190 cfcfb8f13e880688
0905c323f02ad7aa 80466273ac89049d
07da4483082ec9e7 0894fcbfed75d19a
06d0b902ebb77568 87cfceeb74c63f99
05e60380a64b5b08 f2c9772f614ea08a
05173503ad83ad3c be1f83a33c4bedfb
04618ded6ddb78db 3152310ff1a97342
03c27e76c95a24ee 92867d34e6b14416
0337a68f151f92fc 21333f65e9804c7c
02bed5308a2fa8a3 82c9df762aefdb4f
0256073e102e3f01 54de934ad73f61bf
01fb65fdd4e36728 7cd9359e60f719a9
01ad45435902ffa0 25a1874ac95e3a72
016a215a89bb7c49 faa983b4cbc2fefa
01309cc436aaf317 8372621a10a2aac4
00ff7dd2c409f937 c8d26d7dfcca11a5
00d5ac346f22d1bb 02a17eb5ec0a0652
00b22e76e4443232 40d69816bb6ad040
0094278e4c8e98b1 fb9399a7fba37745
007ad46868f337de 098b5ae237fdd8b0
00658992ce8ce4d5 939c89063d669db6
0053b0f9ed996218 2e8d4065e9f5c731
0044c7c53ca8453b e455e828f85e9579
00385c53b0839c4f 25903ab233e45023
002e0c5a99004c8b 3fb354ee6622be58
002583280c364ff8 035527c5fa14310c
001e78093c854efe 3868544642a2790a
0018acd469520d9f 7e8956b383941758
0013ec958cf8b4e3 b96e33d6947d97af
00100a5c79e6a551 495161ba9a0ef115
000ce02ac2ad6ed0 455ef4b3eac05007
000a4dff8a6d3a50 c7c14cf3e74a055c
000838ff31576269 d2293c3d550c61ca
00068ab4b96686d9 961ac5c6a230e2d1
0005306ab6f60fd1 1ee10316f58d27c0
00041a99a4f846cc 0bc0d5aab4c23ed9
00033c6982af62d2 99a22bae7e478d63
00028b44b6c282dd 7a30b74e43d6f0ce
0001fe7a4f4833ca ec0b1d698f15937e
00018eedd62924e1 5bdd9d8821645593
000136d3138b3662 87773fccabcd387d
0000f1743b810e0c 21d945ea6731e2e5
0000bb0127f92f86 62f0502cbacb61b5
000090666303743c 1a0d278bb7f230c8
00006f2ae757840c 9baf4aa2bb87ef29
000055539d187f41 40411f7cae11419e
0000414bb6cc86a0 3535259c9983366e
000031d12e2cf949 a08bbf143841aac2
000025e4b9bb1211 240f0b16ee6df437
00001cbcaade354b 3ced93982197a7c3
000015ba38c89405 3c195a2b17b63ef9
00001060ce8b4234 1578083be922051a
00000c4f02c51140 3e7614c9e5bd1086
00000938ed5629a2 6160199702c2859a
000006e39ba7dfef e98b3cda5ba0fc2b
000005216e90a434 aa87a8b403271d23
000003cf35d34512 0c92d9b9b6ae7933
000002d1e4da025e 62aead20a8ca8ceb
00000214c2c1f971 a7602b652e5095ad
00000187fd388cdc d9080b7f363d7bc4
0000011f8a35bd38 7af3428557ee8109
000000d24863efe6 a77f204607b593fa
0000009951240820 889faca7c3fd3779
0000006f71ad7088 a8d2b671d8485b2a
00000050c2e31a8a 2f09b7c6acc7e08b
0000003a592c025f c5f88409797a0bb7
0000002a07003d7e 785eab0ba5e7973a
0000001e2df95d37 8d76ae4ecfcaf172
000000159b1a36d3 24bbe1fa7e591c2f
0000000f6bb939aa 51eb687a1fb96ee8
0000000af90a0311 430ac48691493f72
00000007c8b60462 bdc6657de6a73183
00000005814ebfff b7ecd2615ae58254
00000003e1ab3e6c 3c776ccf96183440
00000002ba79dff6 3d0b909739d16612
00000001e97ad4fa 96642c9968b2d241
0000000155f8eafd a97e49fcbcf5a411
00000000ee3017d6 b01e72d9b613e238
00000000a564ea89 79a1c82cb9a048a5
00000000727f1f72 9df2637a01a6a299
000000004f05101c 81a03a555e27ad50
00000000365e69f5 89ff040f3e26142e
00000000254b27b2 fbe04c8a694d1382
000000001980b84e 27ffae2f59023021
000000001162f016 25acec8bb22ba94d
000000000bd1214a 4a84a185f7d6a5b9
000000000801c536 25fc5b6564901fe5
000000000568a202 001b6ddf041a610c
0000000003a476b5 66f9709a01337dcb
0000000002720847 483fbab59b15cd6b
0000000001a303a4 02a3374949b1ae1b
0000000001179804 de78692d93d8eadf
0000000000b9fdcc 3dedbb6e8903c971
00000000007b5884 b85ec906769a1e89
0000000000518cae 8ac39b6587e145d7
000000000035c02e a5da949f4cd2de8c
00000000002351bd b8bded4e996e63dd
000000000017230a bdb956ffb7649e08
00000000000f1c23 a9cde5a277b73245
000000000009d664 d808769f4f5f6407
0000000000066297 5fcd9a52549a1e9b
00000000000421b0 a205f150aa41d7e5
000000000002aa4b 0995d96e99b8b7d3
000000000001b6c7 a6e22d181bad67bc
000000000001194f 617757722256309e
000000000000b3cc 75642a79bec1fd3d
0000000000007290 815e43f29b8b5eb1
00000000000048c6 1d1a80d8abfbe512
0000000000002e15 d9d55f7cbb57f528
0000000000001d18 359ee0416e085a4e
000000000000124f b9cb20453085dfe2
0000000000000b7d 42e651f40d5a83c3
000000000000072f c7af4a627660afb4
000000000000047b 40831508fc56c907
00000000000002c9 338cb13a0c9c51d5
00000000000001ba 00e52cea7a8b0a0a
0000000000000111 15fb67fe95637545
00000000000000a8 33d8c0d45cf7ff89
0000000000000067 483c6d70a37028c9
000000000000003f 392e109b67e1b177
0000000000000026 95165655cbd5361f
0000000000000017 78f560b832e10844
000000000000000e 3c6b38944bd3d303
0000000000000008 9b83bc2b8d613380
0000000000000005 303203d7b732c9c4
0000000000000003 1e1dc765191d59bf
0000000000000001 de1c5556367af4f2
0000000000000001 1d8723956a711a1a
0000000000000000 a9fdbb4914593cf6
0000000000000000 64e4a326d819ebb1
0000000000000000 3bb27ce83422ce63
0000000000000000 23368b60701d4f4d
0000000000000000 14b4e92c3474696f
0000000000000000 0c2385530df4eeb0
0000000000000000 071813b70f8470c1
0000000000000000 04220fcb9411d70d
0000000000000000 0266880ad16cf29b
0000000000000000 0163d28ebee9c76c
0000000000000000 00cd63c69481470f
0000000000000000 00763097a34ae41e
0000000000000000 0043cd18a089d501
0000000000000000 0026c65a9d243515
0000000000000000 00161b3cd995cf3c
0000000000000000 000c907c09de1860
0000000000000000 00071e782280ef02
0000000000000000 0004056c66186b09
0000000000000000 000243ac353d8c49
0000000000000000 000145681b8b62cb
0000000000000000 0000b61b30bc01c5
0000000000000000 00006598a35392f2
0000000000000000 0000388137750c26
0000000000000000 00001f5439d58164
0000000000000000 000011510c6182e3
0000000000000000 0000098ab68101d4
0000000000000000 0000053dd39448b5
0000000000000000 000002decef76f96
0000000000000000 0000019126234127
0000000000000000 000000da5193d1d4
0000000000000000 0000007672d0cd1e
0000000000000000 0000004010ac0765
0000000000000000 000000228b26d1c1
0000000000000000 00000012916a2c49
0000000000000000 00000009f32acb88
0000000000000000 0000000550b30b28
0000000000000000 00000002d4a2c8dd
0000000000000000 0000000180b508ec
0000000000000000 00000000cb9b7a8b
0000000000000000 000000006b6d0ac5
0000000000000000 000000003880f756
0000000000000000 000000001da0b1e2
0000000000000000 000000000f7cb512
0000000000000000 0000000008120764
0000000000000000 0000000004314828
0000000000000000 00000000022bd4e5
0000000000000000 00000000011ef652
0000000000000000 000000000093b13e
0000000000000000 00000000004bc72b
0000000000000000 000000000026c279
0000000000000000 000000000013c382
0000000000000000 00000000000a0bde
0000000000000000 0000000000051749
0000000000000000 0000000000029264
0000000000000000 0000000000014b92
0000000000000000 000000000000a677
0000000000000000 0000000000005350
0000000000000000 0000000000002992
0000000000000000 00000000000014ad
0000000000000000 0000000000000a41
0000000000000000 0000000000000511
0000000000000000 000000000000027f
0000000000000000 000000000000013a
0000000000000000 000000000000009a
0000000000000000 000000000000004b
0000000000000000 0000000000000025
0000000000000000 0000000000000012
0000000000000000 0000000000000009
0000000000000000 0000000000000004
0000000000000000 0000000000000002
0000000000000000 0000000000000001
0000000000000000 0000000000000000
0000000000000000 0000000000000000
0000000000000000 0000000000000000
0000000000000000 0000000000000000
0000000000000000 0000000000000000
0000000000000000 0000000000000000
0000000000000000 0000000000000000
0000000000000000 0000000000000000
0000000000000000 0000000000000000
0000000000000000 0000000000000000
0000000000000000 0000000000000000
0000000000000000 0000000000000000
0000000000000000 0000000000000000
0000000000000000 0000000000000000
0000000000000000 0000000000000000
0000000000000000 0000000000000000
0000000000000000 0000000000000000
0000000000000000 0000000000000000
0000000000000000 0000000000000000
0000000000000000 0000000000000000
0000000000000000 0000000000000000
0000000000000000 0000000000000000
0000000000000000 0000000000000000
0000000000000000 0000000000000000
0000000000000000 0000000000000000
0000000000000000 0000000000000000
0000000000000000 0000000000000000
0000000000000000 0000000000000000
0000000000000000 0000000000000000
0000000000000000 0000000000000000
0000000000000000 0000000000000000
0000000000000000 0000000000000000
0000000000000000 0000000000000000
0000000000000000 0000000000000000
0000000000000000 0000000000000000
0000000000000000 0000000000000000
0000000000000000 0000000000000000
0000000000000000 0000000000000000
0000000000000000 0000000000000000
0000000000000000 0000000000000000
0000000000000000 0000000000000000
0000000000000000 0000000000000000
0000000000000000 0000000000000000
0000000000000000 0000000000000000
0000000000000000 0000000000000000
0000000000000000 0000000000000000
0000000000000000 0000000000000000
0000000000000000 0000000000000000
0000000000000000 0000000000000000
0000000000000000 0000000000000000
0000000000000000 0000000000000000
0000000000000000 0000000000000000
0000000000000000 0000000000000000
0000000000000000 0000000000000000
0000000000000000 0000000000000000
0000000000000000 0000000000000000
0000000000000000 0000000000000000
0000000000000000 0000000000000000
0000000000000000 0000000000000000
0000000000000000 0000000000000000
0000000000000000 0000000000000000
0000000000000000 0000000000000000
0000000000000000 0000000000000000
0000000000000000 0000000000000000
0000000000000000 0000000000000000
0000000000000000 0000000000000000
0000000000000000 0000000000000000
0000000000000000 0000000000000000
0000000000000000 0000000000000000
0000000000000000 0000000000000000
0000000000000000 0000000000000000
0000000000000000 0000000000000000
0000000000000000 0000000000000000
0000000000000000 0000000000000000
0000000000000000 0000000000000000
0000000000000000 0000000000000000
0000000000000000 0000000000000000
0000000000000000 0000000000000000
0000000000000000 0000000000000000
0000000000000000 0000000000000000
0000000000000000 0000000000000000
0000000000000000 0000000000000000
0000000000000000 0000000000000000
0000000000000000 0000000000000000
0000000000000000 0000000000000000
0000000000000000 0000000000000000
0000000000000000 0000000000000000
0000000000000000 0000000000000000
0000000000000000 0000000000000000
0000000000000000 0000000000000000
0000000000000000 0000000000000000
0000000000000000 0000000000000000
0000000000000000 0000000000000000
0000000000000000 0000000000000000
0000000000000000 0000000000000000
0000000000000000 0000000000000000
0000000000000000 0000000000000000
0000000000000000 0000000000000000
0000000000000000 0000000000000000
0000000000000000 0000000000000000
0000000000000000 0000000000000000
0000000000000000 0000000000000000
0000000000000000 0000000000000000
0000000000000000 0000000000000000
0000000000000000 0000000000000000
0000000000000000 0000000000000000
0000000000000000 0000000000000000
0000000000000000 0000000000000000
0000000000000000 0000000000000000
0000000000000000 0000000000000000
0000000000000000 0000000000000000
0000000000000000 0000000000000000
0000000000000000 0000000000000000
0000000000000000 0000000000000000
0000000000000000 0000000000000000
0000000000000000 0000000000000000
0000000000000000 0000000000000000
0000000000000000 0000000000000000
0000000000000000 0000000000000000
0000000000000000 0000000000000000
0000000000000000 0000000000000000
0000000000000000 0000000000000000
0000000000000000 0000000000000000
0000000000000000 0000000000000000
0000000000000000 0000000000000000
0000000000000000 0000000000000000
0000000000000000 0000000000000000
0000000000000000 0000000000000000
0000000000000000 0000000000000000
0000000000000000 0000000000000000
0000000000000000 0000000000000000
0000000000000000 0000000000000000
0000000000000000 0000000000000000
0000000000000000 0000000000000000
0000000000000000 0000000000000000
0000000000000000 0000000000000000
0000000000000000 0000000000000000
0000000000000000 0000000000000000
0000000000000000 0000000000000000
0000000000000000 0000000000000000
0000000000000000 0000000000000000
0000000000000000 0000000000000000
0000000000000000 0000000000000000
0000000000000000 0000000000000000
0000000000000000 0000000000000000
0000000000000000 0000000000000000
0000000000000000 0000000000000000
0000000000000000 0000000000000000
0000000000000000 0000000000000000
0000000000000000 0000000000000000
0000000000000000 0000000000000000
0000000000000000 0000000000000000
0000000000000000 0000000000000000
0000000000000000 0000000000000000
0000000000000000 0000000000000000
0000000000000000 0000000000000000
0000000000000000 0000000000000000
0000000000000000 0000000000000000
0000000000000000 0000000000000000
0000000000000000 0000000000000000
0000000000000000 0000000000000000
0000000000000000 0000000000000000
0000000000000000 0000000000000000
0000000000000000 0000000000000000
0000000000000000 0000000000000000
0000000000000000 0000000000000000
0000000000000000 0000000000000000
0000000000000000 0000000000000000
0000000000000000 0000000000000000
0000000000000000 0000000000000000
0000000000000000 0000000000000000
0000000000000000 0000000000000000
0000000000000000 0000000000000000
0000000000000000 0000000000000000
0000000000000000 0000000000000000
0000000000000000 0000000000000000
0000000000000000 0000000000000000
0000000000000000 0000000000000000
0000000000000000 0000000000000000
0000000000000000 0000000000000000
0000000000000000 0000000000000000
0000000000000000 0000000000000000
0000000000000000 0000000000000000
0000000000000000 0000000000000000
0000000000000000 0000000000000000
0000000000000000 0000000000000000
0000000000000000 0000000000000000
0000000000000000 0000000000000000
0000000000000000 0000000000000000
0000000000000000 0000000000000000
0000000000000000 0000000000000000
0000000000000000 0000000000000000
0000000000000000 0000000000000000
0000000000000000 0000000000000000
0000000000000000 0000000000000000
0000000000000000 0000000000000000
0000000000000000 0000000000000000
0000000000000000 0000000000000000
0000000000000000 0000000000000000
0000000000000000 0000000000000000
0000000000000000 0000000000000000
0000000000000000 0000000000000000
0000000000000000 0000000000000000
0000000000000000 0000000000000000
0000000000000000 0000000000000000
0000000000000000 0000000000000000
0000000000000000 0000000000000000
0000000000000000 0000000000000000
0000000000000000 0000000000000000
0000000000000000 0000000000000000
0000000000000000 0000000000000000
0000000000000000 0000000000000000
0000000000000000 0000000000000000
0000000000000000 0000000000000000
0000000000000000 0000000000000000
0000000000000000 0000000000000000
0000000000000000 0000000000000000
0000000000000000 0000000000000000
0000000000000000 0000000000000000
0000000000000000 0000000000000000
0000000000000000 0000000000000000
0000000000000000 0000000000000000
0000000000000000 0000000000000000
0000000000000000 0000000000000000
0000000000000000 0000000000000000
0000000000000000 0000000000000000
0000000000000000 0000000000000000
0000000000000000 0000000000000000
0000000000000000 0000000000000000
0000000000000000 0000000000000000
0000000000000000 0000000000000000
0000000000000000 0000000000000000
0000000000000000 0000000000000000
0000000000000000 0000000000000000
0000000000000000 0000000000000000
0000000000000000 0000000000000000
0000000000000000 0000000000000000
0000000000000000 0000000000000000
0000000000000000 0000000000000000
0000000000000000 0000000000000000
0000000000000000 0000000000000000
0000000000000000 0000000000000000
0000000000000000 0000000000000000
0000000000000000 0000000000000000
0000000000000000 0000000000000000
0000000000000000 0000000000000000
0000000000000000 0000000000000000
0000000000000000 0000000000000000
0000000000000000 0000000000000000
0000000000000000 0000000000000000
0000000000000000 0000000000000000
0000000000000000 0000000000000000
0000000000000000 0000000000000000
0000000000000000 0000000000000000
0000000000000000 0000000000000000
0000000000000000 0000000000000000
0000000000000000 0000000000000000
0000000000000000 0000000000000000
0000000000000000 0000000000000000
0000000000000000 0000000000000000
0000000000000000 0000000000000000
0000000000000000 0000000000000000
0000000000000000 0000000000000000
0000000000000000 0000000000000000
0000000000000000 0000000000000000
0000000000000000 0000000000000000
0000000000000000 0000000000000000
0000000000000000 0000000000000000
0000000000000000 0000000000000000
0000000000000000 0000000000000000
0000000000000000 0000000000000000
0000000000000000 0000000000000000
0000000000000000 0000000000000000
0000000000000000 0000000000000000
0000000000000000 0000000000000000
0000000000000000 0000000000000000
0000000000000000 0000000000000000
bank 4 3f45555555555555
f8bbeb12fa3fad15 19c4f61b3c9512eb
f1790c0f9d25457b cbf8c7353103f067
ea39cd938c8e236c 156ee63b9d978335
e300969d678fa906 2fddd8eccd55c170
dbcfc82976f7533b 73cd5a52eb6e2909
d4a9bad855f5bd50 b4e05eab4128e406
cd90bca372176fa9 bdb239da157b0cd2
c6870ea31f9b2de6 18fda1a4e6eb0c67
bf8ee2e9d69d3878 6fe4e43c6791ec7a
b8aa5a77fcea14dc 691c3e22362408a4
b1db834b6829a2a9 f1c44a650bf2829d
ab24568d851976d9 4539417156261b01
a486b6e2cb737c1f 7e0b2ccd3dbc8786
9e046edddbabd93b 2c977591d5cb89d7
979f2f9854bcd97d 648b43240dab3e70
91588f731da16c29 2a2ffb3aed9c0f03
8b3208ff88cec3bb 9846da915d61a191
852cfa1260e02f65 937b4b2376c89a4a
7f4aa30195ab59fe bde4f7289b56ab65
798c260ce902d997 7887a51fc5598a71
73f286f1a370e2b4 ba23a5cd7050d61b
6e7eaaa9040be359 082688c633fb3bfc
69315750cc08561f 99f1e080f5f2513c
640b343cf79f047c 3972d1a9ffd4c77b
5f0cca316afed878 70788a3eb6375cbc
5a3683c213f5d911 ebfe1197ff0b7d2a
5588add7c05bb8f7 2f73b203c0ef35e0
51037857ae9308ee ed89b140f14743db
4ca6f6eba918e860 2206785ae4c82896
487321e8506c32c1 4fcf9b1922c0296e
4467d74f0fd47338 976e30b65a7742c0
4084dbe919e79db2 e6f70e343b8dad6e
3cc9dc78b12eaa1c 51310b94a4e4dcb5
39366efdeff1f036 398d1687cbc931cc
35ca140c37eeda83 c8e25fb337d90ef9
3284382d6f55b231 cb8a862f4c3f43bd
2f64355033b1e0e2 a97a42732b1965bd
2c69543e34fa1323 d5f410cd05cb5895
2992ce17fa99e674 9b67f8451f19f161
26dfcdd36968951e 6ed5367bb04f7842
244f71ba7bb83fff 4fe5d84c88dd54ba
21e0cce7bb777c12 bdcfe1910a11d2cd
1f92e8be313abbaf 650b85c46d377ce3
1d64c65aa15fd51d cb0fc3cae35634ba
1b555ffc19cad6e6 b4b64b354df58f56
1963aa61fe66dbd5 521d275bb24914aa
178e961df00e9bb8 0979a18c04b6734c
15d510d818387666 07eb2fb3c8d94b48
14360684932e3955 465c7d8fe6b178b7
12b06288e2351864 1f9deea72e5d3297
114310d07e5875db eb79080923f6592b
0fecfecfd3148ae6 14233c172a7ab02c
0ead1c7515786133 b854e063db212056
0d825d06981e7345 50144c16d8fc5c78
0c6bb7ee6638f037 7c93aa80f2cc7f11
0b68297317955b92 a65075049c1c0907
0a76b35df4a9b8ec 3d563e3a2840a9e0
09965d8ea43dba36 0beed0a00b75dc25
08c6367cbbe9eb22 57700131018a9d8e
080553a7a9561f0d 7542109cd2d589bf
0752d1f583c2c4e4 d774bc03198ff632
06add6016bf3c43e ee3d8d6fbff3f206
06158c5a3406618c 6b9b33555de4aa4d
058929b2191e90fb 1e348b86c4497186
0507eb00663b8457 a3800c3142e70b36
04911595e1fef2cb d95158f06759b9b5
0423f724f0e4f7d1 03eeccf6ab9fb185
03bfe5be5a777879 6ab1f5eef3bfdace
03643fc3a2988fe1 850ec5d1c8d39001
03106bcfe84043c7 1128d7371a6a3a7d
02c3d898392a6324 c7db754914027e03
027dfcc44623d0f1 0ceecd3b016b4b03
023e56c05e1ddae8 85cb814050c58715
02046c898f1e749a 38337820525d00d9
01cfcb74c3c10aed 8016ca9c56cbba2c
01a007f1aa78368c 51456aeeb8df6c72
0174bd4a294ea573 4d6051f79ce5aa19
014d8d5f15b524f1 8b2e2d3ce6bf5a46
012a2062dc2a8c1d f2f44155acb02fd4
010a2492b7639361 c725794413f00a88
00ed4def0a34b647 92f394e94ba2a0aa
00d355f3630442a6 207c4244f0617232
00bbfb4ea3189de5 6a60954789552a2c
00a7019bb7cd170e 504317658d9ab343
0094311b47b16cce ddc2db041a7edd1b
0083566ea9ed2e27 f0e2645882efcb8b
0074425473049673 0cabb1794696c8ce
0066c966d7617b01 56044a224ed910f3
005ac3dc19d628c5 ffd60df54eb723f4
00500d4932bc7ff5 b8813b083889e14f
00468466d361329b 2c476d1f8f9eb4d2
003e0ad8e11f28ed b8d2a029351b2deb
003684f87beca74f 436e03fcdedf3ac5
002fd9a09d23a988 75fd69b991a43bcc
0029f1fd54ffc9d4 05a4e484a1676e7b
0024b95da7a30994 70466f14db2ee4fe
00201d08056b7d0b bcf873b43f038828
001c0c1155f87af1 6bff5c9b24085d67
001877368967bb39 891ccc9c59ceeb43
001550b8a00a2045 30e6d062e6a57bbc
00128c3b160c6a84 a8bf3faa50426cfd
00101ea49e4902c3 194c9f123676e8fa
000dfe0215a43a96 62bad0827e64a156
000c216b96ea900e 53c978a249b70703
000a80eb961f5301 92382643e4ced5fd
00091567e9783cd1 1c0033007da1f165
0007d88ca5df0b74 f31b8ef670086589
0006c4b8b4b42f98 2a475170c0d12970
0005d4ec08aca4ef 02668b3c1521d62c
000504b757f90c7a 604547d180d770e3
0004502d42657df9 b5fa604512b6943e
0003b3d4cac9204f d4282c356e9bc92d
00032c9d0be3d22c 2ae1ea1a4dfa2f60
0002b7d211a8eca7 15a70786901c051e
00025312c0eadf73 e4a871b2643d63c2
0001fc47b85f06f4 403dd6d901d233ac
0001b19b16ff20ed c5d05dfc3ca1b587
0001717114e22628 4f159916218e2a82
00013a615cbd8244 0bbdf28c4d697772
00010b3115569152 2e15f3da3cdfebee
0000e2cd8b404c67 3b3d4e801e6e1ead
0000c0476c4fe30e 541600d9b848e320
0000a2ce873ac68d 01c6bd5266a7a467
000089ae02cfdc94 5b65e59000ccc3c8
000074490132f0be 778bf8fe7a9a3d71
00006217a46c1ed9 fef99352073f2d00
000052a46a7c2415 b09c2f658ce09cca
00004589d7f9d48c 158abf41d7bd6cf2
00003a70690419c9 c1601e3f4f6499d8
0000310cc10ec5ae 4cf33379162a28c5
0000291e12bf38ed c89cccb195a71e51
0000226cb9b08a98 6f316522e7463286
00001cc9008dcdd2 c84af454a34c6229
0000180a0e7ca12a 0d73c122eb73b85a
0000140cf752cd8e 923f9ed6529f8a6a
000010b3ea87dce9 6f9fe9c9301124b9
00000de57d3fbdfc e21e36dc7bb7b68b
00000b8c0c2e4fc2 b45ca3d9c7c02250
00000995326d988f a3bee8afaee9158c
000007f152b20d28 1b89966ed95fdcfe
0000069330923173 2c5c28f3b26e9761
0000056f97d99541 bab0c799f7b1e70a
0000047d101b45eb 34360f16f8211916
000003b39aedc700 73833101589bf814
0000030c7b6b015a f787b884c7ac039b
0000028205b9d2aa b78dc47d9d8edc75
0000020f758d7433 88f8e196a461a097
000001b0caa93ac9 665323c763b6c9bc
00000162aa95a280 3bcc10ddc2f9a187
0000012246ce8d38 2c884cf3ec208c2d
000000ed46ca6c9a 8ef0d26365888d24
000000c1b54f0fe9 bba3bd470e5bbb8e
0000009df09b4759 46b834f477e6e447
000000809cfcc658 6ed84c134604f551
000000689977e32a ce53cde2333f7bb6
00000054f6333d8c 41c3f3464026f23f
00000044ec642bc5 ecccc66320e76c3b
00000037d7823c65 7f2cabb44339fcbc
0000002d2f904ce9 31f07a7ec7ff4649
000000248450d110 131e8c881a7fef73
0000001d79410d05 17d7ac085ead85ad
00000017c23c5496 2ceaa89a673229c6
0000001320acf60d d3ad5de4ff5b1098
0000000f61346805 b795eb02c1d7ce64
0000000c59b7b3d4 a422b157e7a67d34
00000009e7bffcc9 7e2dc9ddcaf429c8
00000007ef217fb3 6fd941722408d02d
0000000658dd84c1 0ec5214d213cfbf3
0000000512358c36 8175579ea613a0d2
000000040be787f6 bba56aa5970028c9
00000003398c420c 0b698f87eff621a9
0000000291122bac f91fe8952610af35
000000020a4fbffc 4e20e852a09d9229
000000019ea9704b e9fe4f904d436034
0000000148c7ba73 cd6afd7debfe9539
00000001045a9992 7920bc682bdb98c8
00000000cde7fa59 e39540f86aeb02a5
00000000a2a34162 4fc27380e99cc85c
00000000804c46d7 d536562364fb83d2
00000000651471c7 1c09a8f9166c9666
000000004f88d880 5906155007955f1f
000000003e807cd8 b9e29efcf49f1e7f
00000000310de416 857c6500c12cc5c7
0000000026736c62 2b1b637d823e2f36
000000001e19ddd0 a38f7e5b10563f1b
000000001788cc77 207bf5fc09f499d4
0000000012607443 dca5bf77dd694ec2
000000000e54c741 fa6d2b5dd037457a
000000000b297408 e7a213d4099acba3
0000000008aeb4dd 4219a12aaf677b0f
0000000006bec0e0 404520448299e513
00000000053bbfe8 cfb7fd76d9bc6655
00000000040e278e 54ff08f41830885a
0000000003236cc3 a3aff107ecd4ef6b
00000000026cf952 b9d98bb9ff1acb9a
0000000001df57bf ee78c3ed76455514
0000000001718ab7 70f81c27488922db
00000000011c8746 266579a8c19ef5f8
0000000000dacad6 2e97ad53904c4507
0000000000a8074a a27ba707ce6e67f0
000000000080e0b5 053950a3bcf250a0
000000000062b906 361d28f6af189f1e
00000000004b86d6 ea1a9cd26fdb2b78
000000000039b4f9 6080fe5a6c8077a7
00000000002c08fe 22fdf119c0e7e797
0000000000218f35 dd817c4cdc899720
0000000000198b07 572106143e861aa4
0000000000136aae 12d71af1844d410d
00000000000ebda7 28d362e830e504f9
00000000000b2d38 f50be597457729fd
00000000000876a1 42c03dd77d7a18ea
000000000006668e 40e21aee7731c02e
000000000004d59a 131277ed85ea1017
000000000003a590 476f6340e0c0ae15
000000000002bf50 afa6e26618509789
000000000002112c be21f29ebb7770b5
0000000000018da4 1eecd538ac1d9192
0000000000012a6b 3c159bae58069b6e
000000000000dfab 0d44f9a575fc16f4
000000000000a76d 3f54f2d6af2f76ca
0000000000007d2a a169f2c2053444c9
0000000000005d74 050acbc560c86d99
00000000000045af 804bcca7fd8d6bb2
00000000000033e5 5f8bc1d0626e2dc5
0000000000002699 24f6c09324a3a02a
0000000000001cab c7ec1f27c8c3f707
0000000000001545 0ad16411577caf62
0000000000000fc2 3d3ec15bd7341c7e
0000000000000ba9 22fce9c769cfe9cb
000000000000089e 046a5b073a7048a7
000000000000065c 2793a23ed4ffc649
00000000000004b0 1e80ca0d80470650
0000000000000373 79fef087a50caf75
0000000000000289 8adf8133f1a76a00
00000000000001dc f01ea866afd81c49
000000000000015d c00e4cd0060c25f2
0000000000000100 269d9e03600e160c
00000000000000bb 5bfa3421b8860ff5
0000000000000088 ddbffdb5a61b80eb
0000000000000063 da3b2df16b8439f5
0000000000000048 c1475c42cd395343
0000000000000034 f16626847043910f
0000000000000026 79f90e2132eb0f1b
000000000000001b ed4b447fd0d92a8c
0000000000000014 3e6b52b5e588dd7c
000000000000000e a7d4720130bc4fa0
000000000000000a 98a8331f67704656
0000000000000007 a6ca16c3dffb4748
0000000000000005 849ba67157ed651c
0000000000000003 f9694fd23d8fb316
0000000000000002 dbd574d19bc2e2a3
0000000000000002 0dbce5601b1905b3
0000000000000001 7932241b661ab789
0000000000000001 0e4652ab8b33721d
0000000000000000 c1699c4df6802325
0000000000000000 8a3b10eaf4fe89c6
0000000000000000 62aa5cd2ed6b97d6
0000000000000000 46558d85efe19f4f
0000000000000000 3212d3e7f14df48e
0000000000000000 239a747af0256f48
0000000000000000 1948398e51234a08
0000000000000000 11ee0b81d427e2b2
0000000000000000 0cb307226aad1ea9
0000000000000000 08fbaa904293d98a
0000000000000000 06589c4b2134791f
0000000000000000 047a3c619944f677
0000000000000000 0327ade85b5d22e6
0000000000000000 02386312fbfeea46
0000000000000000 018f79920a560f56
0000000000000000 011865e4797e921e
0000000000000000 00c48ffa6cfede9d
0000000000000000 00899d769e13f5f0
0000000000000000 006038ad58ecfbcf
0000000000000000 0043312331d3c727
0000000000000000 002edc2bc4bb1c19
0000000000000000 0020a36a31ef11b3
0000000000000000 0016b41a26703671
0000000000000000 000fc5bd43a74e4b
0000000000000000 000af1738f491d13
0000000000000000 00079530311233d9
0000000000000000 00053f5bc5512d01
0000000000000000 0003a071be7d8ebd
0000000000000000 000280dac0577c3f
0000000000000000 0001b9c6c9018a54
0000000000000000 00013025f57c42ce
0000000000000000 0000d1203536b918
0000000000000000 00008f9ade368bc5
0000000000000000 0000627c3187de51
0000000000000000 000043745e5e5a75
0000000000000000 00002e24376045be
0000000000000000 00001f85940be68b
0000000000000000 00001581a9bae231
0000000000000000 00000ea7861ce5d0
0000000000000000 000009f8f75dc58e
0000000000000000 000006c716b539eb
0000000000000000 00000499b528c838
0000000000000000 0000031e5934cf62
0000000000000000 0000021c7d1d1353
0000000000000000 0000016d71769a93
0000000000000000 000000f6c51af403
0000000000000000 000000a66b56e1b1
0000000000000000 000000701632ac4c
0000000000000000 0000004b652a6fa2
0000000000000000 00000032a62d762c
0000000000000000 00000021fb334d9d
0000000000000000 00000016c4e30784
0000000000000000 0000000f3c982f7a
0000000000000000 0000000a2ed7c0f5
0000000000000000 00000006cbf42bc3
0000000000000000 0000000487d7f04f
0000000000000000 00000003042592c5
0000000000000000 00000002016151cc
0000000000000000 0000000154e464fc
0000000000000000 00000000e210af5e
0000000000000000 0000000095b9211b
0000000000000000 0000000063089fe6
0000000000000000 00000000416bb6a7
0000000000000000 000000002b291864
0000000000000000 000000001c7015ed
0000000000000000 0000000012b68b32
0000000000000000 000000000c4c4488
0000000000000000 0000000008125137
0000000000000000 00000000054a717b
0000000000000000 000000000376ac16
0000000000000000 000000000243b35f
0000000000000000 00000000017a83cd
0000000000000000 0000000000f6d4d7
0000000000000000 0000000000a0c080
0000000000000000 0000000000688e6e
0000000000000000 000000000043eaee
0000000000000000 00000000002c0f9a
0000000000000000 00000000001c8c12
0000000000000000 00000000001278ca
0000000000000000 00000000000befe0
0000000000000000 000000000007b43d
0000000000000000 000000000004f739
0000000000000000 0000000000033251
0000000000000000 0000000000020e17
0000000000000000 00000000000151c8
0000000000000000 000000000000d899
0000000000000000 0000000000008ab5
0000000000000000 00000000000058b7
0000000000000000 00000000000038aa
0000000000000000 0000000000002426
0000000000000000 0000000000001708
0000000000000000 0000000000000ea7
0000000000000000 0000000000000950
0000000000000000 00000000000005e9
0000000000000000 00000000000003bf
0000000000000000 000000000000025f
0000000000000000 0000000000000180
0000000000000000 00000000000000f2
0000000000000000 0000000000000099
0000000000000000 0000000000000060
0000000000000000 000000000000003c
0000000000000000 0000000000000026
0000000000000000 0000000000000018
0000000000000000 000000000000000f
0000000000000000 0000000000000009
0000000000000000 0000000000000006
0000000000000000 0000000000000004
0000000000000000 0000000000000002
0000000000000000 0000000000000001
0000000000000000 0000000000000001
0000000000000000 0000000000000001
0000000000000000 0000000000000000
0000000000000000 0000000000000000
0000000000000000 0000000000000000
0000000000000000 0000000000000000
0000000000000000 0000000000000000
0000000000000000 0000000000000000
0000000000000000 0000000000000000
0000000000000000 0000000000000000
0000000000000000 0000000000000000
0000000000000000 0000000000000000
0000000000000000 0000000000000000
0000000000000000 0000000000000000
0000000000000000 0000000000000000
0000000000000000 0000000000000000
0000000000000000 0000000000000000
0000000000000000 0000000000000000
0000000000000000 0000000000000000
0000000000000000 0000000000000000
0000000000000000 0000000000000000
0000000000000000 0000000000000000
0000000000000000 0000000000000000
0000000000000000 0000000000000000
0000000000000000 0000000000000000
0000000000000000 0000000000000000
0000000000000000 0000000000000000
0000000000000000 0000000000000000
0000000000000000 0000000000000000
0000000000000000 0000000000000000
0000000000000000 0000000000000000
0000000000000000 0000000000000000
0000000000000000 0000000000000000
0000000000000000 0000000000000000
0000000000000000 0000000000000000
0000000000000000 0000000000000000
0000000000000000 0000000000000000
0000000000000000 0000000000000000
0000000000000000 0000000000000000
0000000000000000 0000000000000000
0000000000000000 0000000000000000
0000000000000000 0000000000000000
0000000000000000 0000000000000000
0000000000000000 0000000000000000
0000000000000000 0000000000000000
0000000000000000 0000000000000000
0000000000000000 0000000000000000
0000000000000000 0000000000000000
0000000000000000 0000000000000000
0000000000000000 0000000000000000
0000000000000000 0000000000000000
0000000000000000 0000000000000000
0000000000000000 0000000000000000
0000000000000000 0000000000000000
0000000000000000 0000000000000000
0000000000000000 0000000000000000
0000000000000000 0000000000000000
0000000000000000 0000000000000000
0000000000000000 0000000000000000
0000000000000000 0000000000000000
0000000000000000 0000000000000000
0000000000000000 0000000000000000
0000000000000000 0000000000000000
0000000000000000 0000000000000000
0000000000000000 0000000000000000
0000000000000000 0000000000000000
0000000000000000 0000000000000000
0000000000000000 0000000000000000
0000000000000000 0000000000000000
0000000000000000 0000000000000000
0000000000000000 0000000000000000
0000000000000000 0000000000000000
0000000000000000 0000000000000000
0000000000000000 0000000000000000
0000000000000000 0000000000000000
0000000000000000 0000000000000000
0000000000000000 0000000000000000
0000000000000000 0000000000000000
0000000000000000 0000000000000000
0000000000000000 0000000000000000
0000000000000000 0000000000000000
0000000000000000 0000000000000000
0000000000000000 0000000000000000
0000000000000000 0000000000000000
0000000000000000 0000000000000000
0000000000000000 0000000000000000
0000000000000000 0000000000000000
0000000000000000 0000000000000000
0000000000000000 0000000000000000
0000000000000000 0000000000000000
0000000000000000 0000000000000000
0000000000000000 0000000000000000
0000000000000000 0000000000000000
0000000000000000 0000000000000000
0000000000000000 0000000000000000
0000000000000000 0000000000000000
0000000000000000 0000000000000000
0000000000000000 0000000000000000
0000000000000000 0000000000000000
0000000000000000 0000000000000000
0000000000000000 0000000000000000
0000000000000000 0000000000000000
0000000000000000 0000000000000000
0000000000000000 0000000000000000
0000000000000000 0000000000000000
0000000000000000 0000000000000000
0000000000000000 0000000000000000
0000000000000000 0000000000000000
0000000000000000 0000000000000000
0000000000000000 0000000000000000
0000000000000000 0000000000000000
0000000000000000 0000000000000000
0000000000000000 0000000000000000
0000000000000000 0000000000000000
0000000000000000 0000000000000000
0000000000000000 0000000000000000
0000000000000000 0000000000000000
0000000000000000 0000000000000000
0000000000000000 0000000000000000
0000000000000000 0000000000000000
0000000000000000 0000000000000000
0000000000000000 0000000000000000
0000000000000000 0000000000000000
0000000000000000 0000000000000000
0000000000000000 0000000000000000
0000000000000000 0000000000000000
0000000000000000 0000000000000000
0000000000000000 0000000000000000
0000000000000000 0000000000000000
0000000000000000 0000000000000000
0000000000000000 0000000000000000
0000000000000000 0000000000000000
0000000000000000 0000000000000000
0000000000000000 0000000000000000
0000000000000000 0000000000000000
0000000000000000 0000000000000000
0000000000000000 0000000000000000
0000000000000000 0000000000000000
0000000000000000 0000000000000000
0000000000000000 0000000000000000
0000000000000000 0000000000000000
0000000000000000 0000000000000000
0000000000000000 0000000000000000
0000000000000000 0000000000000000
0000000000000000 0000000000000000
0000000000000000 0000000000000000
0000000000000000 0000000000000000
0000000000000000 0000000000000000
0000000000000000 0000000000000000
