29
47
67
89
113
139
167
197
229
263
299
337
377
419
463
509
557
607
659
713
769
827
887
949
1013
1079
1147
1217
1289
1363
1439
1517
1597
1679
1763
1849
1937
2027
2119
2213
2309
2407
2507
2609
2713
2819
2927
3037
3149
3263
3379
3497
3617
3739
3863
3989
4117
4247
4379
4513
4649
4787
4927
5069
5213
5359
5507
5657
5809
5963
6119
6277
6437
6599
6763
6929
7097
7267
7439
7613
7789
7967
8147
8329
8513
8699
8887
9077
9269
9463
9659
9857
10057
10259
10463
10669
10877
11087
11299
11513
11729
11947
12167
12389
12613
12839
13067
13297
13529
13763
13999
14237
14477
14719
14963
15209
15457
15707
15959
16213
16469
16727
16987
17249
17513
17779
18047
18317
156
430
706
984
1264
1546
1830
2116
2404
2694
2986
3280
3576
3874
4174
4476
4780
5086
5394
5704
6016
6330
6646
6964
7284
7606
7930
8256
8584
8914
9246
9580
9916
10254
10594
10936
11280
11626
11974
12324
12676
13030
13386
13744
14104
14466
14830
15196
15564
15934
16306
16680
17056
17434
17814
18196
147
533
921
1311
1703
2097
2493
2891
3291
3693
4097
4503
4911
5321
5733
6147
6563
6981
7401
7823
8247
8673
9101
9531
9963
10397
10833
11271
11711
12153
12597
13043
13491
13941
14393
14847
15303
15761
16221
16683
17147
17613
18081
118
590
1064
1540
2018
2498
2980
3464
3950
4438
4928
5420
5914
6410
6908
7408
7910
8414
8920
9428
9938
10450
10964
11480
11998
12518
13040
13564
14090
14618
15148
15680
16214
16750
17288
17828
18370
481
1027
1575
2125
2677
3231
3787
4345
4905
5467
6031
6597
7165
7735
8307
8881
9457
10035
10615
11197
11781
12367
12955
13545
14137
14731
15327
15925
16525
17127
17731
18337
512
1122
1734
2348
2964
3582
4202
4824
5448
6074
6702
7332
7964
8598
9234
9872
10512
11154
11798
12444
13092
13742
14394
15048
15704
16362
17022
17684
18348
581
1249
1919
2591
3265
3941
4619
5299
5981
6665
7351
8039
8729
9421
10115
10811
11509
12209
12911
13615
14321
15029
15739
16451
17165
17881
166
886
1608
2332
3058
3786
4516
5248
5982
6718
7456
8196
8938
9682
10428
11176
11926
12678
13432
14188
14946
15706
16468
17232
17998
333
1103
1875
2649
3425
4203
4983
5765
6549
7335
8123
8913
9705
10499
11295
12093
12893
13695
14499
15305
16113
16923
17735
116
932
1750
2570
3392
4216
5042
5870
6700
7532
8366
9202
10040
10880
11722
12566
13412
14260
15110
15962
16816
17672
97
957
1819
2683
3549
4417
5287
6159
7033
7909
8787
9667
10549
11433
12319
13207
14097
14989
15883
16779
17677
144
1046
1950
2856
3764
4674
5586
6500
7416
8334
9254
10176
11100
12026
12954
13884
14816
15750
16686
17624
131
1073
2017
2963
3911
4861
5813
6767
7723
8681
9641
10603
11567
12533
13501
14471
15443
16417
17393
18371
918
1900
2884
3870
4858
5848
6840
7834
8830
9828
10828
11830
12834
13840
14848
15858
16870
17884
467
1485
2505
3527
4551
5577
6605
7635
8667
9701
10737
11775
12815
13857
14901
15947
16995
18045
664
1718
2774
3832
4892
5954
7018
8084
9152
10222
11294
12368
13444
14522
15602
16684
17768
421
1509
2599
3691
4785
5881
6979
8079
9181
10285
11391
12499
13609
14721
15835
16951
18069
756
1878
3002
4128
5256
6386
7518
8652
9788
10926
12066
13208
14352
15498
16646
17796
515
1669
2825
3983
5143
6305
7469
8635
9803
10973
12145
13319
14495
15673
16853
18035
786
1972
3160
4350
5542
6736
7932
9130
10330
11532
12736
13942
15150
16360
17572
353
1569
2787
4007
5229
6453
7679
8907
10137
11369
12603
13839
15077
16317
17559
370
1616
2864
4114
5366
6620
7876
9134
10394
11656
12920
14186
15454
16724
17996
837
2113
3391
4671
5953
7237
8523
9811
11101
12393
13687
14983
16281
17581
450
1754
3060
4368
5678
6990
8304
9620
10938
12258
13580
14904
16230
17558
455
1787
3121
4457
5795
7135
8477
9821
11167
12515
13865
15217
16571
17927
852
2212
3574
4938
6304
7672
9042
10414
11788
13164
14542
15922
17304
255
1641
3029
4419
5811
7205
8601
9999
11399
12801
14205
15611
17019
18429
1408
2822
4238
5656
7076
8498
9922
11348
12776
14206
15638
17072
75
1513
2953
4395
5839
7285
8733
10183
11635
13089
14545
16003
17463
492
1956
3422
4890
6360
7832
9306
10782
12260
13740
15222
16706
18192
1247
2737
4229
5723
7219
8717
10217
11719
13223
14729
16237
17747
826
2340
3856
5374
6894
8416
9940
11466
12994
14524
16056
17590
693
2231
3771
5313
6857
8403
9951
11501
13053
14607
16163
17721
848
2410
3974
5540
7108
8678
10250
11824
13400
14978
16558
18140
1291
2877
4465
6055
7647
9241
10837
12435
14035
15637
17241
414
2022
3632
5244
6858
8474
10092
11712
13334
14958
16584
18212
1409
3041
4675
6311
7949
9589
11231
12875
14521
16169
17819
1038
2692
4348
6006
7666
9328
10992
12658
14326
15996
17668
909
2585
4263
5943
7625
9309
10995
12683
14373
16065
17759
1022
2720
4420
6122
7826
9532
11240
12950
14662
16376
18092
1377
3097
4819
6543
8269
9997
11727
13459
15193
16929
234
1974
3716
5460
7206
8954
10704
12456
14210
15966
17724
1051
2813
4577
6343
8111
9881
11653
13427
15203
16981
328
2110
3894
5680
7468
9258
11050
12844
14640
16438
18238
1607
3411
5217
7025
8835
10647
12461
14277
16095
17915
1304
3128
4954
6782
8612
10444
12278
14114
15952
17792
1201
3045
4891
6739
8589
10441
12295
14151
16009
17869
1298
3162
5028
6896
8766
10638
12512
14388
16266
18146
1595
3479
5365
7253
9143
11035
12929
14825
16723
190
2092
3996
5902
7810
9720
11632
13546
15462
17380
867
2789
4713
6639
8567
10497
12429
14363
16299
18237
1744
3686
5630
7576
9524
11474
13426
15380
17336
861
2821
4783
6747
8713
10681
12651
14623
16597
140
2118
4098
6080
8064
10050
12038
14028
16020
18014
1577
3575
5575
7577
9581
11587
13595
15605
17617
1198
3214
5232
7252
9274
11298
13324
15352
17382
981
3015
5051
7089
9129
11171
13215
15261
17309
926
2978
5032
7088
9146
11206
13268
15332
17398
1033
3103
5175
7249
9325
11403
13483
15565
17649
1302
3390
5480
7572
9666
11762
13860
15960
18062
1733
3839
5947
8057
10169
12283
14399
16517
204
2326
4450
6576
8704
10834
12966
15100
17236
941
3081
5223
7367
9513
11661
13811
15963
18117
1840
3998
6158
8320
10484
12650
14818
16988
727
2901
5077
7255
9435
11617
13801
15987
18175
1932
4124
6318
8514
10712
12912
15114
17318
1091
3299
5509
7721
9935
12151
14369
16589
378
2602
4828
7056
9286
11518
13752
15988
18226
2033
4275
6519
8765
11013
13263
15515
17769
1592
3850
6110
8372
10636
12902
15170
17440
1279
3553
5829
8107
10387
12669
14953
17239
1094
3384
5676
7970
10266
12564
14864
17166
1037
3343
5651
7961
10273
12587
14903
17221
1108
3430
5754
8080
10408
12738
15070
17404
1307
3645
5985
8327
10671
13017
15365
17715
1634
3988
6344
8702
11062
13424
15788
18154
2089
4459
6831
9205
11581
13959
16339
288
2672
5058
7446
9836
12228
14622
17018
983
3383
5785
8189
10595
13003
15413
17825
1806
4222
6640
9060
11482
13906
16332
327
2757
5189
7623
10059
12497
14937
17379
1390
3836
6284
8734
11186
13640
16096
121
2581
5043
7507
9973
12441
14911
17383
1424
3900
6378
8858
11340
13824
16310
365
2855
5347
7841
10337
12835
15335
17837
1908
4414
6922
9432
11944
14458
16974
1059
3579
6101
8625
11151
13679
16209
308
2842
5378
7916
10456
12998
15542
18088
2203
4753
7305
9859
12415
14973
17533
1662
4226
6792
9360
11930
14502
17076
1219
3797
6377
8959
11543
14129
16717
874
3466
6060
8656
11254
13854
16456
627
3233
5841
8451
11063
13677
16293
478
3098
5720
8344
10970
13598
16228
427
3061
5697
8335
10975
13617
16261
474
3122
5772
8424
11078
13734
16392
619
3281
5945
8611
11279
13949
16621
862
3538
6216
8896
11578
14262
16948
1203
3893
6585
9279
11975
14673
17373
1642
4346
7052
9760
12470
15182
17896
2179
4897
7617
10339
13063
15789
84
2814
5546
8280
11016
13754
16494
803
3547
6293
9041
11791
14543
17297
1620
4378
7138
9900
12664
15430
18198
2535
5307
8081
10857
13635
16415
764
3548
6334
9122
11912
14704
17498
1861
4659
7459
10261
13065
15871
246
3056
5868
8682
11498
14316
17136
1525
4349
7175
10003
12833
15665
66
2902
5740
8580
11422
14266
17112
1527
4377
7229
10083
12939
15797
224
3086
5950
8816
11684
14554
17426
1867
4743
7621
10501
13383
16267
720
3608
6498
9390
12284
15180
18078
2545
5447
8351
11257
14165
17075
1554
4468
7384
10302
13222
16144
635
3561
6489
9419
12351
15285
18221
2726
5666
8608
11552
14498
17446
1963
4915
7869
10825
13783
16743
1272
4236
7202
10170
13140
16112
653
3629
6607
9587
12569
15553
106
3094
6084
9076
12070
15066
18064
2631
5633
8637
11643
14651
17661
2240
5254
8270
11288
14308
17330
1921
4947
7975
11005
14037
17071
1674
4712
7752
10794
13838
16884
1499
4549
7601
10655
13711
16769
1396
4458
7522
10588
13656
16726
1365
4439
7515
10593
13673
16755
1406
4492
11
45
265
857
2007
3901
6725
10665
15907
4204
12608
4439
16749
12858
11385
12516
16437
4901
14960
9934
8442
10670
16804
8597
4668
5203
10388
1976
17019
404
7616
1975
2100
8177
1959
2065
8681
3560
5321
14150
11800
16890
11173
13268
4928
4772
12986
11323
18402
15976
4231
1786
8827
7107
15245
14994
6540
8502
2633
7552
5012
13632
15165
9797
16147
15968
9446
15200
14983
8981
15813
17232
13424
4575
9304
9364
4941
14654
1823
3500
1438
14256
5274
11544
14819
15285
13128
8534
1689
11212
423
6374
10818
13941
15929
16968
17244
16943
16251
15354
14438
13689
13293
13436
14304
16083
526
4685
10313
17596
8287
1005
14369
11699
11614
14300
1510
10296
3978
1175
2073
6858
15716
10400
9529
13289
3433
17013
17349
4627
15899
14485
571
11209
9719
14720
7965
8073
15230
11189
14569
7123
7470
15796
13854
1830
16776
3579
17724
4098
18186
4875
1217
7398
5171
13155
13103
5201
8068
3457
9987
9411
1915
6118
3773
13499
17049
14609
6365
10936
10075
3968
11234
13626
11330
4532
11851
15040
14285
9772
1687
8649
12411
13159
11079
6357
17612
8164
15065
1635
4926
6691
7116
6387
4690
2211
17569
14084
10375
6628
3029
18197
15452
13413
12266
12197
13392
16037
1885
7988
16099
7971
2223
17474
17044
1119
6751
15693
9698
7385
8940
14549
5965
1807
2261
7513
17749
14722
17051
6489
1655
2735
9915
4948
6453
14616
11190
14794
7181
6970
14347
11065
15743
10134
12857
5665
7177
17579
191
10498
11820
4343
6686
602
4710
763
7380
6314
16184
310
14177
2672
2847
14888
2115
1580
13469
1102
1531
14942
4655
7722
5896
17796
6742
9786
8681
3613
13201
765
3357
2730
17503
10996
1828
8618
13119
15517
15998
14748
11953
7799
2472
14591
7476
18179
10020
1618
11592
3262
13680
6166
17772
11818
6923
3273
1054
452
1653
4843
10208
17934
9774
4347
1839
2436
6324
13689
6284
2728
3207
7907
17014
12281
12327
17338
9067
6133
8722
17020
12780
14621
4296
424
3191
12783
10953
16320
10637
12523
3731
2880
10156
7312
12967
8874
13652
9054
13699
9340
14596
11220
17831
16182
6459
7281
401
4438
1145
9141
10179
4445
10558
10271
3770
9674
9736
4142
11511
13596
10583
2658
8440
9682
6570
17723
6461
9836
9601
5942
17478
7529
13147
16085
16529
14665
10679
4757
15518
6282
14101
2295
7916
12717
16884
2170
5627
9008
12499
16286
2122
7059
12850
1248
9305
341
11408
5826
2214
758
1644
5058
11186
1781
13895
10848
11259
15314
4766
16667
14337
16395
4594
15986
13891
16928
6850
2276
3392
10384
5005
5874
13177
8667
10963
1818
18284
5248
18195
2012
12184
12031
1739
18360
6781
4054
10365
7467
13979
11654
678
18103
8816
9869
3015
6873
3196
10603
10847
4114
9023
7327
17645
3297
1335
11945
16880
16326
10469
17928
2023
18239
11463
314
3411
2507
16221
7873
14515
17900
18214
15643
10373
2590
10913
17095
2889
5347
6222
5700
3967
1209
16045
11795
7078
2080
15420
10418
5693
1431
16251
13473
11716
11166
12009
14431
185
6323
14598
6763
1437
17239
17489
2373
8943
519
14153
13165
16174
4933
16494
14177
16601
5519
17983
17313
3695
14181
12091
16044
7793
5957
10722
3841
3933
11184
7347
11041
4019
4900
13870
12682
1522
17442
5329
2235
8346
5415
12061
10037
17962
17589
9104
11126
5408
10569
8362
17406
1021
14692
3306
3915
16705
4996
5840
990
9065
11818
9435
2102
8438
10196
7562
722
8295
12034
12125
8754
2107
10803
16595
1236
1778
18407
14443
8505
779
9884
17573
5599
11014
15571
1023
4422
7521
10506
13563
16878
2204
6593
11798
18005
6967
15736
7632
1274
15281
12973
12969
15455
2184
10208
2847
17153
16446
912
7603
18272
14672
15422
2275
12283
8766
10343
17200
11090
10632
16012
8983
8164
13741
7467
7961
15409
11564
15045
7605
7863
16005
13784
1386
15863
2102
15588
1208
14447
192
13928
542
15519
3746
2275
11292
12550
6235
10966
8496
17444
1130
15039
4058
5239
335
7965
9882
6272
15754
1648
1006
14014
3992
7992
7767
3503
13819
2035
5203
5076
1840
14114
5218
12204
16825
834
1283
18358
15379
10965
5302
17009
9406
1112
10746
1628
10810
1612
11086
2552
13062
5936
18226
13252
9633
7555
7204
8766
12427
18373
8357
998
14915
13428
15156
1852
10568
4624
2639
4799
11290
3865
1143
3310
10552
4622
4139
9289
1825
366
5098
16207
15446
3001
15924
17535
8020
5998
11655
6744
9884
2828
4195
14171
14509
5395
5448
14854
15366
7170
8885
2264
5926
1624
7977
6738
16526
661
14628
3314
3771
16185
3876
3896
16431
4801
6058
1955
11111
15279
14645
9395
18148
4224
4675
1254
12580
1973
6485
7869
6311
1997
13546
4278
11245
16200
896
2385
2420
1187
17305
14094
10173
5728
945
14443
9542
4861
586
15336
12431
10490
9699
10244
12311
16086
3322
11071
2653
15120
11792
11288
13794
1063
10147
4366
2339
4252
10291
2209
17058
18158
5695
16721
14556
17819
8263
4507
6737
15139
11466
14337
5505
3589
8775
2816
4331
13506
12094
281
15119
1495
14894
203
12907
16326
10646
14486
9599
14604
11254
18168
17099
8233
10189
4720
10445
9117
922
4479
1541
10727
13790
10916
2291
6534
5398
17502
6166
8442
6083
17708
6637
9922
9316
5005
15608
4445
8568
9730
8117
3915
15743
6921
14501
1803
5879
8482
9798
10013
9313
7884
5912
3583
1083
17031
14747
12850
11526
10961
11341
12852
15680
1578
7598
15493
7016
786
15422
14244
15871
2056
9851
2576
17283
17292
2789
10826
4723
3099
6140
14032
8528
8247
13375
5665
3736
7774
17965
16062
2251
13584
13381
1828
15977
715
11527
11733
1519
17937
5874
2382
7647
3422
8326
4112
9399
5940
12354
10394
246
529
11429
14699
10525
17526
17455
10498
15274
13536
5470
9695
7964
463
5811
5761
499
8644
11949
10600
4783
13117
17355
17683
14287
7353
15500
2048
4049
3256
18288
12465
4406
12730
757
5539
8829
10813
11677
11607
10789
9409
7653
5707
3757
1989
589
18176
18070
457
2389
5619
10333
16717
6524
16806
10883
7374
6465
8342
13191
2765
14116
10564
10728
14794
4515
16943
15398
66
7999
2517
2239
7351
18039
16056
1588
11687
9673
14165
6916
6545
13238
8748
11694
3829
3772
11709
9393
15443
11612
16519
11917
16425
11796
16649
12737
246
16228
5570
5324
15676
18379
13619
1582
887
11720
15834
13415
4649
8155
5686
15861
2000
1155
13512
2391
4844
2624
14350
3342
6652
6033
1671
12185
895
4853
5812
3958
17910
10988
1811
8998
14302
17909
1572
2343
1975
654
16999
14330
11266
7993
4697
1564
17213
14964
13436
12815
13287
15038
18254
4688
11392
1686
12622
7520
4999
5245
8444
14782
6012
753
17624
1512
7902
114
15200
16480
4140
15232
13076
16291
6630
2712
4723
12849
8843
11324
2045
18058
4250
16106
16946
6956
4755
10529
6031
9880
3829
6497
18070
1868
13376
15914
9668
13257
8434
13818
11162
652
907
12113
16023
12823
2699
4270
17722
6375
7281
2193
9730
11645
8124
17786
3951
3671
17132
7654
12289
12790
9343
2134
9782
14040
15094
13130
8334
892
9423
15680
1416
3683
4234
3255
932
15884
11431
6192
353
12533
6052
17962
11583
5534
1
13603
9660
6791
5182
5019
6488
9775
15066
4114
13971
7957
4691
4359
7147
13241
4394
17658
16353
665
7646
616
16627
566
7918
2003
1440
6415
17114
15290
1129
11683
10272
15515
9165
9841
17729
14582
586
12793
14523
5962
5729
14010
12558
1559
18065
6963
5305
13277
12632
3556
4668
16154
1334
15693
4118
3661
14508
18412
15559
6135
8759
5184
14029
17047
14424
6346
11432
11435
6541
15369
1239
1203
15447
7291
13787
16688
16180
12449
5681
14495
2211
5881
7258
6528
3877
17924
11989
4691
14649
5183
13345
2455
9565
16428
4797
11724
529
8264
16682
7536
17878
11028
5605
1795
18217
18191
1903
6405
13450
4791
17480
14837
15481
1165
8941
2129
17781
784
6623
17051
13821
15552
3997
16208
15505
2074
12967
11504
16304
9120
8571
14843
9689
11728
2713
1263
7564
3369
7297
1101
3400
14380
15794
7828
9101
1366
3242
14915
18138
13097
18411
15833
5549
6178
17906
4053
1671
10946
13631
9912
18408
2439
17490
8448
12365
10994
4521
11565
13879
11649
5061
12734
16421
16308
12581
5426
13462
9
2119
1545
16906
11522
4012
12995
1791
7452
11731
14814
16887
18136
314
473
366
179
98
309
998
2351
4554
7793
12254
18123
7153
16396
9172
4100
1366
1156
3656
9052
17530
10843
7610
8017
12250
2062
14505
12899
15863
5150
17812
17169
3407
13578
11002
14298
5219
2384
5979
16190
14770
1905
14647
16316
7098
5612
12044
8147
12540
6976
10074
3587
6134
17901
2208
14540
18217
13425
350
16044
5394
5452
16404
1570
16435
5886
6975
1455
7945
8198
2400
9170
10261
5859
14583
18186
16854
10773
129
3541
2762
16411
7808
14005
16755
16244
12658
6183
15438
3743
8150
10412
10715
9245
6188
1730
14490
7788
243
10474
1801
11276
2219
11682
2985
13180
5587
17258
11513
6971
3818
2240
2423
4553
8816
15398
6052
17830
14052
13337
15871
3407
12997
7961
6918
10054
17555
11174
9530
12809
2764
16447
17178
5143
17394
17251
4900
17393
18050
7057
3033
6164
16636
16202
5048
1793
6623
1291
4416
16184
18348
9
82
155
228
301
374
447
520
593
666
739
812
885
958
1031
1104
1177
1250
1323
1396
1469
1542
1615
1688
1761
1834
1907
1980
2053
2126
2199
2272
2345
2418
2491
2564
2637
2710
2783
2856
2929
3002
3075
3148
3221
3294
3367
3440
3513
3586
3659
3732
3805
3878
3951
4024
4097
4170
4243
4316
4389
4462
4535
4608
4681
4754
4827
4900
4973
5046
5119
5192
5265
5338
5411
5484
5557
5630
5703
5776
5849
5922
5995
6068
6141
6214
6287
6360
6433
6506
6579
6652
6725
6798
6871
6944
7017
7090
7163
7236
7309
7382
7455
7528
7601
7674
7747
7820
7893
7966
8039
8112
8185
8258
8331
8404
8477
8550
8623
8696
8769
8842
8915
8988
9061
9134
9207
9280
9353
9426
9499
9572
9645
9718
9791
9864
9937
10010
10083
10156
10229
10302
10375
10448
10521
10594
10667
10740
10813
10886
10959
11032
11105
11178
11251
11324
11397
11470
11543
11616
11689
11762
11835
11908
11981
12054
12127
12200
12273
12346
12419
12492
12565
12638
12711
12784
12857
12930
13003
13076
13149
13222
13295
13368
13441
13514
13587
13660
13733
13806
13879
13952
14025
14098
14171
14244
14317
14390
14463
14536
14609
14682
14755
14828
14901
14974
15047
15120
15193
15266
15339
15412
15485
15558
15631
15704
15777
15850
15923
15996
16069
16142
16215
16288
16361
16434
16507
16580
16653
16726
16799
16872
16945
17018
17091
17164
17237
17310
17383
17456
17529
17602
17675
17748
17821
17894
17967
18040
18113
18186
18259
18332
18405
45
118
191
264
337
410
483
556
629
702
775
848
921
994
1067
1140
1213
1286
1359
1432
1505
1578
1651
1724
1797
1870
1943
2016
2089
2162
2235
2308
2381
2454
2527
2600
2673
2746
2819
2892
2965
3038
3111
3184
3257
3330
3403
3476
3549
3622
3695
3768
3841
3914
3987
4060
4133
4206
4279
4352
4425
4498
4571
4644
4717
4790
4863
4936
5009
5082
5155
5228
5301
5374
5447
5520
5593
5666
5739
5812
5885
5958
6031
6104
6177
6250
6323
6396
6469
6542
6615
6688
6761
6834
6907
6980
7053
7126
7199
7272
7345
7418
7491
7564
7637
7710
7783
7856
7929
8002
8075
8148
8221
8294
8367
8440
8513
8586
8659
8732
8805
8878
8951
9024
9097
9170
9243
9316
9389
9462
9535
9608
9681
9754
9827
9900
9973
10046
10119
10192
10265
10338
10411
10484
10557
10630
10703
10776
10849
10922
10995
11068
11141
11214
11287
11360
11433
11506
11579
11652
11725
11798
11871
11944
12017
12090
12163
12236
12309
12382
12455
12528
12601
12674
12747
12820
12893
12966
13039
13112
13185
13258
13331
13404
13477
13550
13623
13696
13769
13842
13915
13988
14061
14134
14207
14280
14353
14426
14499
14572
14645
14718
14791
14864
14937
15010
15083
15156
15229
15302
15375
15448
15521
15594
15667
15740
15813
15886
15959
16032
16105
16178
16251
16324
16397
16470
16543
16616
16689
16762
16835
16908
16981
17054
17127
17200
17273
17346
17419
17492
17565
17638
17711
17784
17857
17930
18003
18076
18149
18222
18295
18368
8
81
154
227
300
373
446
519
592
665
738
811
884
957
1030
1103
1176
1249
1322
1395
1468
1541
1614
1687
1760
1833
1906
1979
2052
2125
2198
2271
2344
2417
2490
2563
2636
2709
2782
2855
2928
3001
3074
3147
3220
3293
3366
3439
3512
3585
3658
3731
3804
3877
3950
4023
4096
4169
4242
4315
4388
4461
4534
4607
4680
4753
4826
4899
4972
5045
5118
5191
5264
5337
5410
5483
5556
5629
5702
5775
5848
5921
5994
6067
6140
6213
6286
6359
6432
6505
6578
6651
6724
6797
6870
6943
7016
7089
7162
7235
7308
7381
7454
7527
7600
7673
7746
7819
7892
7965
8038
8111
8184
8257
8330
8403
8476
8549
8622
8695
8768
8841
8914
8987
9060
9133
9206
9279
9352
9425
9498
9571
9644
9717
9790
9863
9936
10009
10082
10155
10228
10301
10374
10447
10520
10593
10666
10739
10812
10885
10958
11031
11104
11177
11250
11323
11396
11469
11542
11615
11688
11761
11834
11907
11980
12053
12126
12199
12272
12345
12418
12491
12564
12637
12710
12783
12856
12929
13002
13075
13148
13221
13294
13367
13440
13513
13586
13659
13732
13805
13878
13951
14024
14097
14170
14243
14316
14389
14462
14535
14608
14681
14754
14827
14900
14973
15046
15119
15192
15265
15338
15411
15484
15557
15630
15703
15776
15849
15922
15995
16068
16141
16214
16287
16360
16433
16506
16579
16652
16725
16798
16871
16944
17017
17090
17163
17236
17309
17382
17455
17528
17601
17674
17747
17820
17893
17966
18039
18112
18185
18258
18331
18404
44
117
190
263
336
409
482
555
628
701
774
847
920
993
1066
1139
1212
1285
1358
1431
1504
1577
1650
1723
1796
1869
1942
2015
2088
2161
2234
2307
2380
2453
2526
2599
2672
2745
2818
2891
2964
3037
3110
3183
3256
3329
3402
3475
3548
3621
3694
3767
3840
3913
3986
4059
4132
4205
4278
4351
4424
4497
4570
4643
4716
4789
4862
4935
5008
5081
5154
5227
5300
5373
5446
5519
5592
5665
5738
5811
5884
5957
6030
6103
6176
6249
6322
6395
6468
6541
6614
6687
6760
6833
6906
6979
7052
7125
7198
7271
7344
7417
7490
7563
7636
7709
7782
7855
7928
8001
8074
8147
8220
8293
8366
8439
8512
8585
8658
8731
8804
8877
8950
9023
9096
9169
9242
9315
9388
9461
9534
9607
9680
9753
9826
9899
9972
10045
10118
10191
10264
10337
10410
10483
10556
10629
10702
10775
10848
10921
10994
11067
11140
11213
11286
11359
11432
11505
11578
11651
11724
11797
11870
11943
12016
12089
12162
12235
12308
12381
12454
12527
12600
12673
12746
12819
12892
12965
13038
13111
13184
13257
13330
13403
13476
13549
13622
13695
13768
13841
13914
13987
14060
14133
14206
14279
14352
14425
14498
14571
14644
14717
14790
14863
14936
15009
15082
15155
15228
15301
15374
15447
15520
15593
15666
15739
15812
15885
15958
16031
16104
16177
16250
16323
16396
16469
16542
16615
16688
16761
16834
16907
16980
17053
17126
17199
17272
17345
17418
17491
17564
17637
17710
17783
17856
17929
18002
18075
18148
18221
18294
18367
7
80
153
226
299
372
445
518
591
664
737
810
883
956
1029
1102
1175
1248
1321
1394
1467
1540
1613
1686
1759
1832
1905
1978
2051
2124
2197
2270
2343
2416
2489
2562
2635
2708
2781
2854
2927
3000
3073
3146
3219
3292
3365
3438
3511
3584
3657
3730
3803
3876
3949
4022
4095
4168
4241
4314
4387
4460
4533
4606
4679
4752
4825
4898
4971
5044
5117
5190
5263
5336
5409
5482
5555
5628
5701
5774
5847
5920
5993
6066
6139
6212
6285
6358
6431
6504
6577
6650
6723
6796
6869
6942
7015
7088
7161
7234
7307
7380
7453
7526
7599
7672
7745
7818
7891
7964
8037
8110
8183
8256
8329
8402
8475
8548
8621
8694
8767
8840
8913
8986
9059
9132
9205
9278
9351
9424
9497
9570
9643
9716
9789
9862
9935
10008
10081
10154
10227
10300
10373
10446
10519
10592
10665
10738
10811
10884
10957
11030
11103
11176
11249
11322
11395
11468
11541
11614
11687
11760
11833
11906
11979
12052
12125
12198
12271
12344
12417
12490
12563
12636
12709
12782
12855
12928
13001
13074
13147
13220
13293
13366
13439
13512
13585
13658
13731
13804
13877
13950
14023
14096
14169
14242
14315
14388
14461
14534
14607
14680
14753
14826
14899
14972
15045
15118
15191
15264
15337
15410
15483
15556
15629
15702
15775
15848
15921
15994
16067
16140
16213
16286
16359
16432
16505
16578
16651
16724
16797
16870
16943
17016
17089
17162
17235
17308
17381
17454
17527
17600
17673
17746
17819
17892
17965
18038
18111
18184
18257
18330
18403
43
116
189
262
335
408
481
554
627
700
773
846
919
992
1065
1138
1211
1284
1357
1430
1503
1576
1649
1722
1795
1868
1941
2014
2087
2160
2233
2306
2379
2452
2525
2598
2671
2744
2817
2890
2963
3036
3109
3182
3255
3328
3401
3474
3547
3620
3693
3766
3839
3912
3985
4058
4131
4204
4277
4350
4423
4496
4569
4642
4715
4788
4861
4934
5007
5080
5153
5226
5299
5372
5445
5518
5591
5664
5737
5810
5883
5956
6029
6102
6175
6248
6321
6394
6467
6540
6613
6686
6759
6832
6905
6978
7051
7124
7197
7270
7343
7416
7489
7562
7635
7708
7781
7854
7927
8000
8073
8146
8219
8292
8365
8438
8511
8584
8657
8730
8803
8876
8949
9022
9095
9168
9241
9314
9387
9460
9533
9606
9679
9752
9825
9898
9971
10044
10117
10190
10263
10336
10409
10482
10555
10628
10701
10774
10847
10920
10993
11066
11139
11212
11285
11358
11431
11504
11577
11650
11723
11796
11869
11942
12015
12088
12161
12234
12307
12380
12453
12526
12599
12672
12745
12818
12891
12964
13037
13110
13183
13256
13329
13402
13475
13548
13621
13694
13767
13840
13913
13986
14059
14132
14205
14278
14351
14424
14497
14570
14643
14716
14789
14862
14935
15008
15081
15154
15227
15300
15373
15446
15519
15592
15665
15738
15811
15884
15957
16030
16103
16176
16249
16322
16395
16468
16541
16614
16687
16760
16833
16906
16979
17052
17125
17198
17271
17344
17417
17490
17563
17636
17709
17782
17855
17928
18001
18074
18147
18220
18293
18366
6
79
152
225
298
371
444
517
590
663
736
809
882
955
1028
1101
1174
1247
1320
1393
1466
