0 0
0 1
0 2
0 3
0 4
0 4095
0 4096
0 8191
0 8192
0 10237
0 18428
0 18429
0 18430
0 18431
0 18432
1 0
1 1
1 2
1 3
1 4
1 4095
1 4096
1 8191
1 8192
1 10237
1 18428
1 18429
1 18430
1 18431
1 18432
2 0
2 1
2 2
2 3
2 4
2 4095
2 4096
2 8191
2 8192
2 10237
2 18428
2 18429
2 18430
2 18431
2 18432
3 0
3 1
3 2
3 3
3 4
3 4095
3 4096
3 8191
3 8192
3 10237
3 18428
3 18429
3 18430
3 18431
3 18432
4 0
4 1
4 2
4 3
4 4
4 4095
4 4096
4 8191
4 8192
4 10237
4 18428
4 18429
4 18430
4 18431
4 18432
5 4159
8 10269
11 17
102 11685
105 4881
108 148
199 1040
202 18188
205 541
296 9090
299 13324
302 1196
393 17402
396 8722
399 2113
490 7543
493 4382
496 3292
587 16379
590 304
593 4733
684 7044
687 14921
690 6436
781 16404
784 11367
787 8401
878 7593
881 8075
884 10628
975 17477
978 5045
981 13117
1072 9190
1075 2277
1078 15868
1169 1165
1172 18204
1175 448
1266 11835
1269 15960
1272 3723
1363 4334
1366 13978
1369 7260
1460 15528
1463 12258
1466 11059
1557 8551
1560 10800
1563 15120
1654 1836
1657 9604
1660 1010
1751 13816
1754 8670
1757 5595
1848 7625
1851 7998
1854 10442
1945 1696
1948 7588
1951 15551
2042 14462
2045 7440
2048 2489
2139 9057
2142 7554
2145 8122
2236 3914
2239 7930
2242 14017
2333 17466
2336 8568
2339 1741
2430 12847
2433 9468
2436 8160
2527 8490
2530 10630
2533 14841
2624 4395
2627 12054
2630 3351
2721 562
2724 13740
2727 10556
2818 15424
2821 15688
2824 18023
2915 12115
2918 17898
2921 7319
3012 9068
3015 1937
3018 15310
3109 6283
3112 4671
3115 5130
3206 3760
3209 7667
3212 13645
3303 1499
3306 10925
3309 3989
3400 17933
3403 14445
3406 13028
3497 16196
3500 18227
3503 3896
3594 14721
3597 3838
3600 13459
3691 13508
3694 8144
3697 4851
3788 12557
3791 12712
3794 14938
3885 11868
3888 17542
3891 6854
3982 11441
3985 4201
3988 17465
4079 11276
4082 9555
4085 9905
4095 0
4095 1
4095 2
4095 3
4095 4
4095 4095
4095 4096
4095 8191
4095 8192
4095 10237
4095 18428
4095 18429
4095 18430
4095 18431
4095 18432
4096 0
4096 1
4096 2
4096 3
4096 4
4096 4095
4096 4096
4096 8191
4096 8192
4096 10237
4096 18428
4096 18429
4096 18430
4096 18431
4096 18432
4176 11373
4179 15171
4182 2607
4273 11732
4276 2616
4279 14004
4370 12353
4373 8756
4376 7230
4467 13236
4470 15158
4473 718
4564 14381
4567 3389
4570 12901
4661 15788
4664 10315
4667 6913
4758 17457
4761 17503
4764 1187
4855 955
4858 6520
4861 14156
4952 3148
4955 14232
4958 8954
5049 5603
5052 3773
5055 4014
5146 8320
5149 12009
5152 17769
5243 11299
5246 2074
5249 13353
5340 14540
5343 10834
5346 9199
5437 18043
5440 1423
5443 5307
5534 3375
5537 10707
5540 1677
5631 7402
5634 1820
5637 16742
5728 11691
5731 11628
5734 13636
5825 16242
5828 3265
5831 10792
5922 2622
5925 13597
5928 8210
6019 7697
6022 5758
6025 5890
6116 13034
6119 16614
6122 3832
6213 200
6216 9299
6219 2036
6310 6061
6313 2246
6316 502
6407 12184
6410 13888
6413 17663
6504 136
6507 7359
6510 16653
6601 6783
6604 1092
6607 15905
6698 13692
6701 13520
6704 15419
6795 2430
6798 7777
6801 15195
6892 9863
6895 2296
6898 15233
6989 17558
6992 15510
6995 15533
7086 7082
7089 10553
7092 16095
7183 15301
7186 5858
7189 16919
7280 5349
7283 1425
7286 18005
7377 14092
7380 15687
7383 920
7474 4664
7477 11778
7480 2530
7571 13931
7574 8131
7577 4402
7668 5027
7671 4746
7674 6536
7765 14818
7768 1623
7771 8932
7862 6438
7865 17195
7868 11590
7959 16753
7962 14596
7965 14510
8056 8897
8059 12259
8062 17692
8153 1303
8156 10184
8159 2703
8191 0
8191 1
8191 2
8191 3
8191 4
8191 4095
8191 4096
8191 8191
8191 8192
8191 10237
8191 18428
8191 18429
8191 18430
8191 18431
8191 18432
8192 0
8192 1
8192 2
8192 3
8192 4
8192 4095
8192 4096
8192 8191
8192 8192
8192 10237
8192 18428
8192 18429
8192 18430
8192 18431
8192 18432
8250 12404
8253 8371
8256 6409
8347 5334
8350 6820
8353 10377
8444 16959
8447 5531
8450 14607
8541 10413
8544 4504
8547 666
8638 4129
8641 3739
8644 5420
8735 16540
8738 3236
8741 10436
8832 10780
8835 2995
8838 15714
8929 5282
8932 3016
8935 2821
9026 46
9029 3299
9032 8623
9123 13505
9126 3844
9129 14687
9220 8793
9223 4651
9226 2580
9317 4343
9320 5720
9323 9168
9414 155
9417 7051
9420 16018
9511 14662
9514 8644
9517 4697
9608 10998
9611 10499
9614 12071
9705 7596
9708 12616
9711 1274
9802 4456
9805 14995
9808 9172
9899 1578
9902 17636
9905 17332
9996 17395
9999 2106
10002 7321
10093 15041
10096 5271
10099 16005
10190 12949
10193 8698
10196 6518
10237 0
10237 1
10237 2
10237 3
10237 4
10237 4095
10237 4096
10237 8191
10237 8192
10237 10237
10237 18428
10237 18429
10237 18430
10237 18431
10237 18432
10287 11119
10290 12387
10293 15726
10384 9551
10387 16338
10390 6763
10481 8245
10484 2118
10487 16495
10578 7201
10581 6593
10584 8056
10675 6419
10678 11330
10681 18312
10772 5899
10775 16329
10778 10397
10869 5641
10872 3157
10875 2744
10966 5645
10969 8680
10972 13786
11063 5911
11066 14465
11069 6657
11160 6439
11163 2079
11166 18223
11257 7229
11260 8388
11263 11618
11354 8281
11357 14959
11360 5275
11451 9595
11454 3359
11457 17627
11548 11171
11551 10454
11554 11808
11645 13009
11648 17811
11651 6251
11742 15109
11745 6997
11748 956
11839 17471
11842 14878
11845 14356
11936 1662
11939 4588
11942 9585
12033 4548
12036 12993
12039 5076
12130 7696
12133 3227
12136 829
12227 11106
12230 12156
12233 15277
12324 14778
12327 2914
12330 11554
12421 279
12424 12367
12427 8093
12518 4475
12521 3649
12524 4894
12615 8933
12618 13626
12621 1957
12712 13653
12715 5432
12718 17715
12812 15933
12815 15302
12909 8263
12912 13151
13006 855
13009 11262
13103 12142
13106 9635
13200 5258
13203 8270
13297 17069
13300 7167
13394 10709
13397 6326
13491 4611
13494 5747
13588 17208
13591 5430
13685 11634
13688 5375
13782 6322
13785 5582
13879 1272
13882 6051
13976 14917
13979 6782
14073 10391
14076 7775
14170 6127
14173 9030
14267 2125
14270 10547
14364 16818
14367 12326
14461 13340
14464 14367
14558 10124
14561 16670
14655 7170
14658 802
14752 4478
14755 3629
14849 2048
14852 6718
14946 18313
14949 10069
15043 16407
15046 13682
15140 14763
15143 17557
15237 13381
15240 3261
15334 12261
15337 7660
15431 11403
15434 12321
15528 10807
15531 17244
15625 10473
15628 3996
15722 10401
15725 9443
15819 10591
15822 15152
15916 11043
15919 2690
16013 11757
16016 8923
16110 12733
16113 15418
16207 13971
16210 3742
16304 15471
16307 10761
16401 17233
16404 18042
16498 824
16501 7152
16595 3110
16598 14957
16692 5658
16695 4591
16789 8468
16792 12920
16886 11540
16889 3078
16983 14874
16986 11931
17080 37
17083 2613
17177 3895
17180 11990
17274 8015
17277 3196
17371 12397
17374 13097
17468 17041
17471 4827
17565 3514
17568 15252
17662 8682
17665 7506
17759 14112
17762 22
17856 1371
17859 11233
17953 7325
17956 4273
18050 13541
18053 16008
18147 1586
18150 9572
18244 8326
18247 3398
18341 15328
18344 15919
18428 0
18428 1
18428 2
18428 3
18428 4
18428 4095
18428 4096
18428 8191
18428 8192
18428 10237
18428 18428
18428 18429
18428 18430
18428 18431
18428 18432
18429 0
18429 1
18429 2
18429 3
18429 4
18429 4095
18429 4096
18429 8191
18429 8192
18429 10237
18429 18428
18429 18429
18429 18430
18429 18431
18429 18432
18430 0
18430 1
18430 2
18430 3
18430 4
18430 4095
18430 4096
18430 8191
18430 8192
18430 10237
18430 18428
18430 18429
18430 18430
18430 18431
18430 18432
18431 0
18431 1
18431 2
18431 3
18431 4
18431 4095
18431 4096
18431 8191
18431 8192
18431 10237
18431 18428
18431 18429
18431 18430
18431 18431
18431 18432
18432 0
18432 1
18432 2
18432 3
18432 4
18432 4095
18432 4096
18432 8191
18432 8192
18432 10237
18432 18428
18432 18429
18432 18430
18432 18431
18432 18432
