15831
13442
17027
9633
4369
3870
1611
9048
18115
15998
8628
15344
7739
8693
8395
10052
1979
17637
4739
16119
18132
1546
7451
665
14380
13162
2248
11746
3794
15515
4822
4185
5319
16389
9500
13508
13580
14438
14438
194
6380
18359
209
13181
7665
15206
659
18185
18005
12937
5522
8872
13305
1187
13290
18203
1848
14030
11229
3475
7863
15434
1321
17254
7087
9173
14795
12014
6060
3853
8756
7089
10638
4060
5937
14287
15328
5937
17651
8631
16472
8902
5765
12650
6606
10007
8911
10868
1004
5958
5830
3684
1315
4271
1158
6132
6760
14988
7592
17437
4633
15237
5427
10927
618
10581
16231
14585
13456
17524
11562
1603
13617
12617
7606
3231
12760
8938
3247
11177
13999
17535
13186
6228
9893
4129
10438
10481
16229
10436
3679
10644
7105
17159
2515
16891
10070
7256
15484
10955
4419
16395
11722
7860
1237
14085
16410
4898
12300
11414
15055
17680
4144
14532
16678
14182
17112
16956
16975
16517
8902
13435
7367
10224
12043
13012
15311
5989
18374
4966
4845
5990
5263
719
2908
12106
2920
11281
11876
3621
8985
647
2720
9228
5997
893
5467
495
13377
13381
17361
13026
14952
8100
16440
12514
18348
10409
1522
16810
1920
15681
10507
8591
4695
10184
5227
13228
13138
1471
17822
950
9946
13588
2830
18219
7417
16646
17548
17132
774
9455
5814
8445
8388
7732
2444
7962
9644
14074
12660
10199
6220
755
15080
3688
16822
4942
6175
8151
6816
13180
335
2818
12459
11480
4391
6138
17998
2318
2265
17367
7882
6014
16130
11037
15323
7730
5334
14916
13453
13495
1552
15241
2457
9420
9308
11653
3188
15523
2683
11799
4576
17270
3859
18007
18319
16102
13026
1424
4607
7737
7012
14037
16985
3836
2407
8652
18035
4854
10328
10020
9437
8803
18394
10534
3269
3544
15564
7649
17106
16888
18356
9611
2774
13772
14328
17486
7515
13066
6565
6926
2522
6504
891
11700
6462
9446
15595
4276
5684
2918
18101
7064
7490
13604
2862
5031
7850
7251
8496
12807
6722
12973
3968
7820
5098
13976
89
7131
5907
7704
965
5998
9103
350
4319
18023
16237
1380
6528
13038
3109
14929
650
13338
5703
6416
4929
13408
6361
9939
3252
12994
5881
5908
6963
9312
7185
4126
3955
3865
6862
1865
9468
5246
9799
14320
4479
13287
13836
13414
7723
12233
13429
6555
2716
16443
8789
10241
14968
1390
2147
14839
11674
467
18249
2990
15544
8159
187
12436
6857
7436
18330
9149
14749
4443
8825
10028
3858
17487
13376
4423
15784
12594
5083
10301
10098
4384
14798
12300
4492
8323
5068
14893
2582
4825
9559
14305
3411
3055
5725
10576
15770
13509
435
18387
17103
3487
13291
5865
1758
13362
3042
11918
5282
10092
1577
16470
14418
423
15891
9930
2864
14202
15094
1389
17048
5438
9555
9692
6511
5660
3654
3543
8432
18363
3728
1331
14587
3629
6933
18085
8070
15932
15722
6571
11702
10792
6647
14406
6299
11545
10141
16992
8868
9132
13950
13714
8115
5602
16295
10031
14370
8182
16364
12328
10033
2935
6080
13074
11403
13011
17275
12129
339
11281
12834
1923
9271
13826
13848
17484
17058
249
5579
3920
6993
16951
10892
7150
6442
14917
5987
3536
5977
9023
14501
3279
3845
2758
6166
2343
2523
3082
10329
12197
15424
1772
6091
11508
16047
17180
15513
11418
3762
9334
10591
15740
17641
6843
8897
7611
13020
13766
6391
16575
3239
3706
10484
17333
1352
3275
5532
9125
13292
6415
13900
6720
992
723
6128
5806
4164
2290
4077
3207
2334
14030
5732
6102
2556
12338
654
4850
3633
13408
632
7626
17861
18014
7862
12342
4369
15134
3976
5865
18162
709
5062
13588
5299
9096
13600
16760
14142
15063
14362
2661
13039
5730
8320
4480
10998
7267
6649
7898
15258
2860
14139
4254
9753
3914
1057
9902
13808
9118
13088
1057
3668
3992
13981
13770
5090
4778
1633
8936
4517
5865
8321
8487
17843
10598
5249
14789
15658
5011
2455
8499
6614
1440
768
18224
4489
4999
9432
796
11020
3419
15767
2376
17945
17193
9916
6546
581
11080
12591
4504
9140
1092
16638
9697
8067
11037
6638
3685
13848
395
15310
11133
17505
12556
11256
10663
8227
8979
15722
4437
8408
12960
129
12865
13266
1656
1130
1117
9409
2602
12396
13171
18037
13238
14744
18424
7905
2562
7404
1115
7999
14005
11865
3910
2065
6737
13069
16053
7904
12355
4760
15920
14567
13287
3124
11693
9080
14742
15907
3602
6257
8370
7395
4208
9137
1332
14085
7074
15096
548
10375
12197
9751
1032
7206
18328
3234
18165
7072
3275
5237
8977
357
2026
18206
6228
223
882
15366
3404
9898
774
15962
384
16300
731
37
7011
7949
4504
6200
5906
16799
7546
11520
6625
8785
17694
10462
9802
12462
5059
15251
273
4609
14614
13576
2379
2058
16896
17410
10276
12682
15632
17709
1349
10381
730
5636
16353
327
14384
6772
13560
14830
16940
13248
13888
17704
3602
15011
4734
15148
16332
13069
6513
13949
12162
12576
6771
9897
10070
18214
11473
4912
10679
10748
15695
1562
16817
411
10928
15182
11394
372
9272
14959
9975
557
3680
3004
15404
14297
10850
3831
10670
9448
13257
17840
3495
15103
7810
9386
17158
12179
7362
10616
18328
14003
6458
15620
15932
9257
13277
5233
1444
11595
2386
8475
7504
3624
2961
8080
10382
7523
3247
5137
9227
13246
17490
16421
2921
9208
5200
16516
17466
14867
10916
15236
11601
8894
420
4202
3325
9695
1341
3353
1502
16989
782
17872
16648
16096
1465
16030
15301
15608
9379
12199
6815
7738
214
210
7000
3142
10467
10742
16949
17016
12786
8555
1782
11337
14546
4080
7238
4032
3353
15596
2342
14300
20
8581
8195
4893
8841
1238
18271
13343
9593
10597
6933
667
16688
8840
9331
16301
299
5473
7904
9816
15752
3934
12248
18036
15397
12599
111
15359
5326
13197
11411
18277
3497
14378
16744
4671
16291
15494
4032
16033
8731
17339
11017
16348
16423
7770
3844
8828
3735
5126
5247
13844
992
13984
17210
11921
17490
10610
5950
9315
10316
8364
12523
12551
5337
17457
17025
1584
3778
13041
16100
3218
15441
7126
11479
3675
8259
16944
16334
15652
8225
2411
201
1715
12099
2204
2381
17429
16658
16425
7544
2691
42
6483
17560
4746
528
16467
12663
774
2644
12435
906
8745
8533
13295
3985
12676
8343
7259
15673
1212
13303
4193
6201
4938
5065
5156
9223
14282
12122
5024
223
8072
12362
2233
16888
12410
3076
9371
2015
654
1963
5459
1102
13468
9597
3825
6858
15364
11148
5494
3492
2009
8856
3389
12429
16746
16903
15520
12986
16865
171
7853
4153
17480
4245
9832
14743
10116
16110
15241
6954
185
16383
10974
2014
11745
15536
16088
15236
4581
2034
5571
13910
12846
4641
9886
18102
5546
11388
7298
9782
405
11705
7813
15806
7861
17769
17387
8082
14023
119
14900
3827
14652
12873
5538
5750
15326
797
2914
7441
10885
16897
15330
11207
3314
13300
9821
6759
7851
15900
7770
13710
12097
10386
13421
12828
6368
16651
15057
10553
8287
17623
7441
5066
17766
17457
6127
13548
8430
10231
12965
8422
74
8297
10175
10809
17567
5503
14158
9486
9755
6936
17068
1014
8477
4783
12042
9589
12584
1794
4109
353
17947
10513
1112
1570
5457
1076
7984
283
2939
9910
17479
9630
5701
9014
9921
8423
9262
1339
4835
1705
16597
2646
11402
4693
6416
15588
3011
4308
237
17113
12684
17349
16295
1316
8673
5832
2947
2400
2012
794
2303
13309
4923
9642
6474
2901
18170
15
3792
16423
10063
559
871
7303
12931
12141
8088
14516
1669
16353
10976
3735
5224
11672
9974
5177
15685
7582
7504
16698
13537
13479
12175
13463
4225
6599
2947
3797
2496
9771
18317
13756
1426
8368
594
9434
14693
10790
1789
2099
8526
5079
6073
14524
11172
13863
10664
6140
12297
3838
16571
14251
12444
444
16993
1531
160
14897
3730
9083
1498
4146
11379
3381
9687
6422
9664
3655
9032
1226
11153
16968
10627
3901
9781
13103
13352
5586
9278
15959
8349
4027
15952
16314
8717
866
7806
1940
71
7361
348
12655
13148
10037
14629
4613
4683
9124
10336
17128
4603
12424
2749
8881
12080
16364
5118
5277
12771
12175
6729
11699
5449
637
3663
17847
17692
12118
4106
16622
8120
4807
3166
15742
7641
16336
2554
11841
6450
7909
2200
4043
7068
1164
15758
6003
7952
5960
2934
17893
17510
2300
18090
17778
13971
14035
13207
8145
13781
7601
17386
14161
3978
2191
2962
3393
9470
3119
2753
16092
9232
8995
3400
854
14638
12092
15643
9764
15297
11946
5920
15274
8169
17290
13267
1768
137
2858
15798
2731
13217
8435
14628
616
11537
10273
13571
18204
7839
14820
10964
8088
17563
4807
9459
7849
16315
15203
15697
17129
959
9646
18321
17073
10575
17953
3838
11267
17658
9282
4567
14016
8718
2363
14648
12225
9763
4810
9838
2915
3759
5392
16315
7210
9284
15531
6082
9998
12115
13444
6561
6302
5739
7461
17238
675
44
5165
3040
101
15608
14031
979
8745
4786
1550
17028
9266
12370
2649
6149
11625
396
1234
3944
17698
5627
433
11212
9467
15971
1191
14635
2860
10272
4912
12877
4942
11243
15264
8618
8531
16748
8297
11206
15043
6168
3666
5710
9227
9481
16119
14494
15286
8372
12640
698
6899
16929
18012
13092
1192
18026
8245
14738
16331
16132
16568
3369
17983
16866
0
0
0
0
0
0
0
0
0
0
0
0
0
0
0
0
0
0
0
0
0
0
0
0
0
0
0
0
0
0
0
0
0
0
0
0
0
0
0
0
0
0
0
0
0
0
0
0
0
0
0
0
0
0
0
0
0
0
0
0
0
0
0
0
0
0
0
0
0
0
0
0
0
0
0
0
0
0
0
0
0
0
0
0
0
0
0
0
0
0
0
0
0
0
0
0
0
0
0
0
0
0
0
0
0
0
0
0
0
0
0
0
0
0
0
0
0
0
0
0
0
0
0
0
0
0
0
0
0
0
0
0
0
0
0
0
0
0
0
0
0
0
0
0
0
0
0
0
0
0
0
0
0
0
0
0
0
0
0
0
0
0
0
0
0
0
0
0
0
0
0
0
0
0
0
0
0
0
0
0
0
0
0
0
0
0
0
0
0
0
0
0
0
0
0
0
0
0
0
0
0
0
0
0
0
0
0
0
0
0
0
0
0
0
0
0
0
0
0
0
0
0
0
0
0
0
0
0
0
0
0
0
0
0
0
0
0
0
0
0
0
0
0
0
0
0
0
0
0
0
0
0
0
0
0
0
0
0
0
0
0
0
0
0
0
0
0
0
0
0
0
0
0
0
0
0
0
0
0
0
0
0
0
0
0
0
0
0
0
0
0
0
0
0
0
0
0
0
0
0
0
0
0
0
0
0
0
0
0
0
0
0
0
0
0
0
0
0
0
0
0
0
0
0
0
0
0
0
0
0
0
0
0
0
0
0
0
0
0
0
0
0
0
0
0
0
0
0
0
0
0
0
0
0
0
0
0
0
0
0
0
0
0
0
0
0
0
0
0
0
0
0
0
0
0
0
0
0
0
0
0
0
0
0
0
0
0
0
0
0
0
0
0
0
0
0
0
0
0
0
0
0
0
0
0
0
0
0
0
0
0
0
0
0
0
0
0
0
0
0
0
0
0
0
0
0
0
0
0
0
0
0
0
0
0
0
0
0
0
0
0
0
0
0
0
0
0
0
0
0
0
0
0
0
0
0
0
0
0
0
0
0
0
0
0
0
0
0
0
0
0
0
0
0
0
0
0
0
0
0
0
0
0
0
0
0
0
0
0
0
0
0
0
0
0
0
0
0
0
0
0
0
0
0
0
0
0
0
0
0
0
0
0
0
0
0
0
0
0
0
0
0
0
0
0
0
0
0
0
0
0
0
0
0
0
0
0
0
0
0
0
0
0
0
0
0
0
0
0
0
0
0
0
0
0
0
0
0
0
0
0
0
0
0
0
0
0
0
0
0
0
0
0
0
0
0
0
0
0
0
0
0
0
0
0
0
0
0
0
0
0
0
0
0
0
0
0
0
0
0
0
0
0
0
0
0
0
0
0
0
0
0
0
0
0
0
0
0
0
0
0
0
0
0
0
0
0
0
0
0
0
0
0
0
0
0
0
0
0
0
0
0
0
0
0
0
0
0
0
0
0
0
0
0
0
0
0
0
0
0
0
0
0
0
0
0
0
0
0
0
0
0
0
0
0
0
0
0
0
0
0
0
0
0
0
0
0
0
0
0
0
0
0
0
0
0
0
0
0
0
0
0
0
0
0
0
0
0
0
0
0
0
0
0
0
0
0
0
0
0
0
0
0
0
0
0
0
0
0
0
0
0
0
0
0
0
0
0
0
0
0
0
0
0
0
0
0
0
0
0
0
0
0
0
0
0
0
0
0
0
0
0
0
0
0
0
0
0
0
0
0
0
0
0
0
0
0
0
0
0
0
0
0
0
0
0
0
0
0
0
0
0
0
0
0
0
0
0
0
0
0
0
0
0
0
0
0
0
0
0
0
0
0
0
0
0
0
0
0
0
0
0
0
0
0
0
0
0
0
0
0
0
0
0
0
0
0
0
0
0
0
0
0
0
0
0
0
0
0
0
0
0
0
0
0
0
0
0
0
0
0
0
0
0
0
0
0
0
0
0
0
0
0
0
0
0
0
0
0
0
0
0
0
0
0
0
0
0
0
0
0
0
0
0
0
0
0
0
0
0
0
0
0
0
0
0
0
0
0
0
0
0
0
0
0
0
0
0
0
0
0
0
0
0
0
0
0
0
0
0
0
0
0
0
0
0
0
0
0
0
0
0
0
0
0
0
0
0
0
0
0
0
0
0
0
0
0
0
0
0
0
0
0
0
0
0
0
0
0
0
0
0
0
0
0
0
0
0
0
0
0
0
0
0
0
0
0
0
0
0
0
0
0
0
0
0
0
0
0
0
0
0
0
0
0
0
0
0
0
0
0
0
0
0
0
0
0
0
0
0
0
0
0
0
0
0
0
0
0
0
0
0
0
0
0
0
0
0
0
0
0
0
0
0
0
0
0
0
0
0
0
0
0
0
0
0
0
0
0
0
0
0
0
0
0
0
0
0
0
0
0
0
0
0
0
0
0
0
0
0
0
0
0
0
0
0
0
0
0
0
0
0
0
0
0
0
0
0
0
0
0
0
0
0
0
0
0
0
0
0
0
0
0
0
0
0
0
0
0
0
0
0
0
0
0
0
0
0
0
0
0
0
0
0
0
0
0
0
0
0
0
0
0
0
0
0
0
0
0
0
0
0
0
0
0
0
0
0
0
0
0
0
0
0
0
0
0
0
0
0
0
0
0
0
0
0
0
0
0
0
0
0
0
0
0
0
0
0
0
0
0
0
0
0
0
0
0
0
0
0
0
0
0
0
0
0
0
0
0
0
0
0
0
0
0
0
0
0
0
0
0
0
0
0
0
0
0
0
0
0
0
0
0
0
0
0
0
0
0
0
0
0
0
0
0
0
0
0
0
0
0
0
0
0
0
0
0
0
0
0
0
0
0
0
0
0
0
0
0
0
0
0
0
0
0
0
0
0
0
0
0
0
0
0
0
0
0
0
0
0
0
0
0
0
0
0
0
0
0
0
0
0
0
0
0
0
0
0
0
0
0
0
0
0
0
0
0
0
0
0
0
0
0
0
0
0
0
0
0
0
0
0
0
0
0
0
0
0
0
0
0
0
0
0
0
0
0
0
0
0
0
0
0
0
0
0
0
0
0
0
0
0
0
0
0
0
0
0
0
0
0
0
0
0
0
0
0
0
0
0
0
0
0
0
0
0
0
0
0
0
0
0
0
0
0
0
0
0
0
0
0
0
0
0
0
0
0
0
0
0
0
0
0
0
0
0
0
0
0
0
0
0
0
0
0
0
0
0
0
0
0
0
0
0
0
0
0
0
0
0
0
0
0
0
0
0
0
0
0
0
0
0
0
0
0
0
0
0
0
0
0
0
0
0
0
0
0
0
0
0
0
0
0
0
0
0
0
0
0
0
0
0
0
0
0
0
0
0
0
0
0
0
0
0
0
0
0
0
0
0
0
0
0
0
0
0
0
0
0
0
0
0
0
0
0
0
0
0
0
0
0
0
0
0
0
0
0
0
0
0
0
0
0
0
0
2652
8714
12626
16620
17848
4840
13589
13745
7890
12768
3646
1519
1010
14206
11166
18049
15240
11055
18406
11157
7816
3029
10938
14454
12221
14270
6479
13928
9508
9449
696
7806
14797
11066
6356
9511
7029
17390
17390
4577
15600
3575
5596
13103
4585
3204
17733
6501
12706
17418
5239
17764
636
5676
18050
15097
3883
733
10757
8728
6976
7633
6177
8385
7101
9948
15836
14930
6150
4914
7426
6008
11161
11603
8854
16963
10263
8854
3404
11223
11789
1369
10687
17583
2689
14992
5667
14497
4304
6594
2814
14324
9456
16106
12308
3668
10693
11743
16830
9757
2603
13912
11074
9903
12490
14662
5248
1570
1063
8294
3886
17961
14458
7968
9179
13043
12767
128
4299
2309
8458
11499
1154
6503
3561
1544
9863
14013
6341
10956
7840
7882
15697
14220
17244
13218
8212
16124
17174
13034
8956
7787
8611
17832
15217
16758
8806
14461
6095
11036
2777
15205
2563
2885
9808
9830
12256
5345
4178
14846
1369
3323
1545
16216
8298
4080
10337
17302
4594
14165
15776
7539
8535
3376
14449
1518
7891
772
16615
2671
2092
5858
6593
7540
12930
450
7647
15194
16587
14401
14425
14862
12984
15703
10844
18175
370
16495
16145
11402
1401
10895
18237
14650
5586
1210
9776
15067
8953
16367
11334
15382
2246
2657
1777
6353
11086
8863
13611
1326
968
3299
11558
2274
5775
14052
9963
17388
1392
13553
12118
2229
10875
2135
16764
12138
4844
8848
7818
15481
16955
4433
10469
8335
2150
11833
5825
389
7315
5090
6405
11146
5809
12856
14362
5087
3779
15145
15816
14225
11919
7399
18183
11726
12075
13210
686
237
8893
5077
17597
12613
6104
18074
1635
11613
7002
11231
14862
14403
16812
2103
2006
6124
17146
4988
2534
8963
14744
1641
14679
17104
13136
9390
12097
12698
10709
17102
10320
13329
15535
5641
14431
10210
13948
12699
3773
10628
12828
11435
15879
12139
4202
3133
1543
2201
7653
17434
2595
4157
8871
8984
15541
10454
17274
12346
2722
6292
4864
9640
2052
14731
13027
16177
6582
2826
15759
11811
15877
1488
6816
10921
16401
3167
11337
11488
8307
2869
1969
1583
8450
8304
5984
16337
13435
10251
7704
14359
6736
8862
16767
15288
10783
13917
2592
15486
1135
16933
8843
12400
4470
16789
10249
3809
5411
8609
18066
8145
13032
10473
14589
5583
9754
15061
6602
2911
8779
18421
17041
16142
4240
14551
15593
10223
16410
12063
8391
6502
2817
11109
17619
5503
3765
9919
10207
4631
4109
14273
15800
12732
11398
865
7917
6770
688
11321
14740
1785
11343
434
4980
6095
15144
13648
13721
17578
8278
8273
1762
7126
6838
17062
14114
8178
8339
18181
11118
6706
7958
2170
8287
11336
16202
15568
14950
12095
7368
14622
13737
12882
9887
17676
6728
10990
1629
17333
9113
5881
10366
14279
3948
12026
8524
3554
12286
8432
162
1389
8711
712
477
16732
17530
5852
13665
11971
16138
12600
1108
732
7932
16445
13784
3960
15493
4104
1517
4705
7587
7530
16722
16818
7138
1876
17686
7756
15512
9226
783
8910
13653
7063
7831
13843
6125
16598
8283
772
9192
8978
11690
1621
8031
11721
4901
2169
1738
14381
3173
17294
1381
321
150
4462
18395
3041
5427
18191
10610
5244
9286
4259
3520
644
12872
11523
4916
16302
13098
8551
16858
14964
13639
11960
10542
8850
8563
4910
9197
6301
8869
11416
13318
15663
18141
15978
372
1582
8671
2301
3157
11294
16885
7430
18207
17747
16957
5689
16479
14120
10862
1190
5854
15930
10066
1959
11529
7726
14779
733
1072
1630
4054
3761
11249
3827
14546
8862
4839
16682
17670
17004
16739
1575
17848
5686
2210
11336
9854
8841
17000
2657
7294
5946
14532
1861
13257
16838
3625
11187
16974
2165
6071
3269
17184
896
6839
15498
11652
3815
5680
16180
6339
17660
2989
7859
11458
12356
17845
2989
4635
11899
18295
13792
1698
6309
1566
1221
10698
11336
14741
16187
9074
14588
16186
682
14248
17222
13168
9629
16750
5659
4247
12837
7567
5347
6652
7378
5161
2466
762
10259
8630
14072
208
17046
5061
9237
3744
8586
333
11511
13235
77
6088
5087
3634
4561
8031
14545
1667
7922
9461
13655
5218
6715
10813
5371
16138
17552
13278
14065
12450
1467
12733
16646
9177
7065
10005
15781
8930
135
13651
9602
16058
14135
2456
775
8974
8158
6384
5179
13410
1413
5107
14046
579
10360
12219
3687
16146
96
11407
10473
7003
15243
14690
17151
16417
3838
18304
15612
4676
4453
11189
9382
16758
4989
8020
13879
16643
16302
7432
7435
6583
11300
2187
17431
6082
7430
4311
6464
16879
17204
4241
6503
16378
15678
7929
1447
10045
968
14009
11340
13622
15251
7429
11769
15276
8586
3372
16579
8197
5103
8406
1522
794
7554
15180
7210
9727
9423
6261
7486
15719
13371
9215
17836
18149
1269
15296
6231
95
10024
8573
9308
13364
6581
16670
12307
14841
10035
4135
17959
5925
14089
4137
4604
2089
3838
8390
11922
16468
14567
579
7431
17350
7780
2725
13898
1375
8212
18302
6442
6810
16404
6345
3244
12718
16793
5801
140
16320
3533
17898
1927
18375
14047
18177
16510
17284
5595
11498
5901
16937
12106
16341
8435
1497
16231
13411
8291
13358
5550
7706
13494
4751
11300
6272
9839
16582
11971
908
15938
6497
3473
13501
4794
4312
9623
10248
13134
8200
3601
8456
4299
3662
17303
5230
8442
12011
16561
37
15315
6176
3125
13354
6698
5242
10222
5741
10099
7732
16971
1170
13680
1669
8642
14960
15029
2442
7770
14510
1213
13713
15802
4707
7967
15209
8285
10773
12080
14266
8564
15599
3231
9624
18387
9421
16991
15891
3086
7034
13667
673
7528
8472
1669
11265
10407
642
7503
1682
9868
7977
7056
5454
14801
16735
1614
5918
17530
13361
4343
16819
15766
3859
11710
4368
12219
17992
18176
6730
16080
4981
204
17805
3854
2538
1755
4359
3459
11522
15138
13314
10605
269
9324
11709
8472
2857
11872
8015
16017
5823
10918
11718
616
4944
14102
457
17279
10217
10862
7439
13998
1239
8442
8030
10966
6077
2804
458
4040
7171
4960
17260
13719
695
18252
15881
12324
10931
13024
13437
3163
10026
11758
11903
13474
17527
11906
348
9968
12052
14560
12092
16743
14129
2305
9825
6196
13225
13913
5393
7053
5364
6376
5305
1262
968
11261
15266
2562
4221
9481
6101
6508
3374
2718
5268
15267
1230
1729
3434
12042
11034
6144
2495
1056
10479
11207
901
16378
12572
9078
5460
5641
1279
14802
12339
13999
11249
5551
12019
6046
12938
17861
1783
12435
9022
8941
2108
8654
17278
8075
428
112
9512
6660
15933
18289
8994
7930
12441
6861
13907
11882
9248
7388
1506
6859
11726
15270
279
14345
11867
5329
5258
7189
449
5242
12588
12832
6110
11014
2634
16664
16603
5778
10556
6812
11604
18140
9080
8685
15868
7098
8069
12649
216
7107
13775
17915
4536
690
11037
15528
14928
9668
11356
16048
11170
16403
14423
9939
9170
4347
13766
12585
6043
2023
13534
11026
11718
9716
15653
1415
10974
12471
3725
15347
1684
11531
14889
273
16403
14814
5072
17260
15617
6084
1255
3174
2116
5627
14858
9424
15345
658
12444
6406
4513
14007
5246
6674
17869
17272
3219
12793
18061
3800
16786
14961
12474
632
7537
14958
581
8346
13112
1822
5365
2021
6724
3487
5237
9043
8797
13893
6692
14297
7392
14773
2808
17517
7992
10168
17594
6679
14359
15637
4242
5102
8727
2493
17435
2550
7138
18126
6703
1721
2352
15576
6422
8471
4071
16883
10015
2485
1095
9058
5482
1019
10601
10918
2821
17084
12473
18088
2264
10040
3828
11629
325
12307
10774
14102
2199
17503
5377
235
8709
3862
9623
17311
2879
16143
9892
6454
4379
15731
2352
17085
18411
14935
8095
3010
13310
16705
7173
5559
16280
1825
8477
4959
4090
16926
8262
7257
14258
9050
15385
17729
16951
3895
3768
18204
1131
15416
12774
2010
4725
15392
7618
3834
10828
1470
2514
4800
5542
11080
8895
2523
4056
12012
15425
17220
7956
15548
9470
431
2600
7129
17081
6432
17872
1988
1041
5971
1090
5989
10477
8904
7281
4824
12581
5634
3488
17030
14390
13533
12144
9077
10307
3512
565
12061
18394
3629
15727
15512
4829
884
15972
9892
18418
11964
17484
11323
16584
6888
8647
13393
4897
3546
4773
18110
2483
5208
17701
12381
5147
8093
14211
270
14278
11677
8268
9029
14897
9651
4420
5501
240
182
15945
14927
12336
16947
5327
7217
17327
327
16997
2695
9979
12090
1117
9980
3371
16675
4318
519
16208
16696
5354
15060
3633
12547
255
9169
13229
9544
17988
15226
8928
2908
5644
7144
2970
10737
8078
4908
11470
9798
11862
7739
5720
13583
8332
17087
2731
5334
1659
11390
17332
3828
14630
18110
1113
14627
14641
14060
2151
12182
1247
299
5909
5920
17941
4258
3895
8423
8795
14895
1806
8384
9760
8147
13223
1000
874
7254
5969
1407
986
2552
14641
4397
13802
705
12560
10694
5816
7621
18065
2928
6463
5473
17129
8989
12820
6793
16043
9319
4707
9403
8750
4221
1937
843
2863
5206
4706
17745
3594
15539
4782
7640
1265
5368
12372
12211
10831
15174
18307
3490
11111
3815
8417
6810
13342
8848
3106
8373
9111
10574
8419
9424
14110
9335
2427
5728
13095
17303
7523
11157
5219
14783
14519
4615
5636
17678
10884
18097
15659
12160
10446
976
904
5897
13269
14624
11358
6296
