0
0
0
0
0
0
0
0
0
0
0
0
0
0
0
0
0
0
0
0
0
0
0
0
0
0
0
0
0
0
0
0
0
0
0
0
0
0
0
0
0
0
0
0
0
0
0
0
0
0
0
0
0
0
0
0
0
0
0
0
0
0
0
0
0
0
0
0
0
0
0
0
0
0
0
0
0
0
0
0
0
0
0
0
0
0
0
0
0
0
0
0
0
0
0
0
0
0
0
0
0
0
0
0
0
0
0
0
0
0
0
0
0
0
0
0
0
0
0
0
0
0
0
0
0
0
0
0
0
0
0
0
0
0
0
0
0
0
0
0
0
0
0
0
0
0
0
0
0
0
0
0
0
0
0
0
0
0
0
0
0
0
0
0
0
0
0
0
0
0
0
0
0
0
0
0
0
0
0
0
0
0
0
0
0
0
0
0
0
0
0
0
0
0
0
0
0
0
0
0
0
0
0
0
0
0
0
0
0
0
0
0
0
0
0
0
0
0
0
0
0
0
0
0
0
0
0
0
0
0
0
0
0
0
0
0
0
0
0
0
0
0
0
0
0
0
0
0
0
0
0
0
0
0
0
0
0
0
0
0
0
0
0
0
0
0
0
0
0
0
0
0
0
0
0
0
0
0
0
0
0
0
0
0
0
0
0
0
0
0
0
0
0
0
0
0
0
0
0
0
0
0
0
0
0
0
0
0
0
0
0
0
0
0
0
0
0
0
0
0
0
0
0
0
0
0
0
0
0
0
0
0
0
0
0
0
0
0
0
0
0
0
0
0
0
0
0
0
0
0
0
0
0
0
0
0
0
0
0
0
0
0
0
0
0
0
0
0
0
0
0
0
0
0
0
0
0
0
0
0
0
0
0
0
0
0
0
0
0
0
0
0
0
0
0
0
0
0
0
0
0
0
0
0
0
0
0
0
0
0
0
0
0
0
0
0
0
0
0
0
0
0
0
0
0
0
0
0
0
0
0
0
0
0
0
0
0
0
0
0
0
0
0
0
0
0
0
0
0
0
0
0
0
0
0
0
0
0
0
0
0
0
0
0
0
0
0
0
0
0
0
0
0
0
0
0
0
0
0
0
0
0
0
0
0
0
0
0
0
0
0
0
0
0
0
0
0
0
0
0
0
0
0
0
0
0
0
0
0
0
0
0
0
0
0
0
0
0
0
0
0
0
0
0
0
0
0
0
0
0
0
0
0
0
0
0
0
0
0
0
0
0
0
0
0
0
0
0
0
0
0
0
0
0
0
0
0
0
0
0
0
0
0
0
0
0
0
0
0
0
0
0
0
0
0
0
0
0
0
0
0
0
0
0
0
0
0
0
0
0
0
0
0
0
0
0
0
0
0
0
0
0
0
0
0
0
0
0
0
0
0
0
0
0
0
0
0
0
0
0
0
0
0
0
0
0
0
0
0
0
0
0
0
0
0
0
0
0
0
0
0
0
0
0
0
0
0
0
0
0
0
0
0
0
0
0
0
0
0
0
0
0
0
0
0
0
0
0
0
0
0
0
0
0
0
0
0
0
0
0
0
0
0
0
0
0
0
0
0
0
0
0
0
0
0
0
0
0
0
0
0
0
0
0
0
0
0
0
0
0
0
0
0
0
0
0
0
0
0
0
0
0
0
0
0
0
0
0
0
0
0
0
0
0
0
0
0
0
0
0
0
0
0
0
0
0
0
0
0
0
0
0
0
0
0
0
0
0
0
0
0
0
0
0
0
0
0
0
0
0
0
0
0
0
0
0
0
0
0
0
0
0
0
0
0
0
0
0
0
0
0
0
0
0
0
0
0
0
0
0
0
0
0
0
0
0
0
0
0
0
0
0
0
0
0
0
0
0
0
0
0
0
0
0
0
0
0
0
0
0
0
0
0
0
0
0
0
0
0
0
0
0
0
0
0
0
0
0
0
0
0
0
0
0
0
0
0
0
0
0
0
0
0
0
0
0
0
0
0
0
0
0
0
0
0
0
0
0
0
0
0
0
0
0
0
0
0
0
0
0
0
0
0
0
0
0
0
0
0
0
0
0
0
0
0
0
0
0
0
0
0
0
0
0
0
0
0
0
0
0
0
0
0
0
0
0
0
0
0
0
0
0
0
0
0
0
0
0
0
0
0
0
0
0
0
0
0
0
0
0
0
0
0
0
0
0
0
0
0
0
0
0
0
0
0
0
0
0
0
0
0
0
0
0
0
0
0
0
0
0
0
0
0
0
0
0
0
0
0
0
0
0
0
0
0
0
0
0
0
0
0
0
0
0
0
0
0
0
0
0
0
0
0
0
0
0
0
0
0
0
0
0
0
0
0
0
0
0
0
0
0
0
0
0
0
0
0
0
0
0
0
0
0
0
0
0
0
0
0
0
0
0
0
0
0
0
0
0
0
0
0
0
0
0
0
0
0
0
0
0
0
0
0
0
0
0
0
0
0
0
0
0
0
0
0
0
0
0
0
0
0
0
0
0
0
0
0
0
0
0
0
0
0
0
0
0
0
0
0
0
0
0
0
0
0
0
0
0
0
0
0
0
0
0
0
0
0
0
0
0
0
0
0
0
0
0
0
0
0
0
0
0
0
0
0
0
0
0
0
0
0
0
0
0
0
0
0
0
0
0
0
0
0
0
0
0
0
0
0
0
0
0
0
0
0
0
0
0
0
0
0
0
0
0
0
0
0
0
0
0
0
0
0
0
0
0
0
0
0
0
0
0
0
0
0
0
0
0
0
0
0
0
0
0
0
0
0
0
0
0
0
0
0
0
0
0
0
0
0
0
0
0
0
0
0
0
0
0
0
0
0
0
0
0
0
0
0
0
0
0
0
0
0
0
0
0
0
0
0
0
0
0
0
0
0
0
0
0
0
0
0
0
0
0
0
0
0
0
0
0
0
0
0
0
0
0
0
0
0
0
0
0
0
0
0
0
0
0
0
0
0
0
0
0
0
0
0
0
0
0
0
0
0
0
0
0
0
0
0
0
0
0
0
0
0
0
0
0
0
0
0
0
0
0
0
0
0
0
0
0
0
0
0
0
0
0
0
0
0
0
0
0
0
0
0
0
0
0
0
0
0
0
0
0
0
0
0
0
0
0
0
0
0
0
0
0
0
0
0
0
0
0
0
0
0
0
0
0
0
0
0
0
0
0
0
0
0
0
0
0
0
0
0
0
0
0
0
0
0
0
0
0
0
0
0
0
0
0
0
0
0
0
0
0
0
0
0
0
0
0
0
0
0
0
0
0
0
0
0
0
0
0
0
0
0
0
0
0
0
0
0
0
0
0
0
0
0
0
0
0
0
0
0
0
0
0
0
0
0
0
0
0
0
0
0
0
0
0
0
0
0
0
0
0
0
0
0
0
0
0
0
0
0
0
0
0
0
0
0
0
0
0
0
0
0
0
0
0
0
0
0
0
0
0
0
0
0
0
0
0
0
0
0
0
0
0
0
0
0
0
0
0
0
0
0
0
18432
18432
18432
18432
18432
18432
18432
18432
18432
18432
18432
18432
18432
18432
18432
18432
18432
18432
18432
18432
18432
18432
18432
18432
18432
18432
18432
18432
18432
18432
18432
18432
18432
18432
18432
18432
18432
18432
18432
18432
18432
18432
18432
18432
18432
18432
18432
18432
18432
18432
18432
18432
18432
18432
18432
18432
18432
18432
18432
18432
18432
18432
18432
18432
18432
18432
18432
18432
18432
18432
18432
18432
18432
18432
18432
18432
18432
18432
18432
18432
18432
18432
18432
18432
18432
18432
18432
18432
18432
18432
18432
18432
18432
18432
18432
18432
18432
18432
18432
18432
18432
18432
18432
18432
18432
18432
18432
18432
18432
18432
18432
18432
18432
18432
18432
18432
18432
18432
18432
18432
18432
18432
18432
18432
18432
18432
18432
18432
18432
18432
18432
18432
18432
18432
18432
18432
18432
18432
18432
18432
18432
18432
18432
18432
18432
18432
18432
18432
18432
18432
18432
18432
18432
18432
18432
18432
18432
18432
18432
18432
18432
18432
18432
18432
18432
18432
18432
18432
18432
18432
18432
18432
18432
18432
18432
18432
18432
18432
18432
18432
18432
18432
18432
18432
18432
18432
18432
18432
18432
18432
18432
18432
18432
18432
18432
18432
18432
18432
18432
18432
18432
18432
18432
18432
18432
18432
18432
18432
18432
18432
18432
18432
18432
18432
18432
18432
18432
18432
18432
18432
18432
18432
18432
18432
18432
18432
18432
18432
18432
18432
18432
18432
18432
18432
18432
18432
18432
18432
18432
18432
18432
18432
18432
18432
18432
18432
18432
18432
18432
18432
18432
18432
18432
18432
18432
18432
18432
18432
18432
18432
18432
18432
18432
18432
18432
18432
18432
18432
18432
18432
18432
18432
18432
18432
18432
18432
18432
18432
18432
18432
18432
18432
18432
18432
18432
18432
18432
18432
18432
18432
18432
18432
18432
18432
18432
18432
18432
18432
18432
18432
18432
18432
18432
18432
18432
18432
18432
18432
18432
18432
18432
18432
18432
18432
18432
18432
18432
18432
18432
18432
18432
18432
18432
18432
18432
18432
18432
18432
18432
18432
18432
18432
18432
18432
18432
18432
18432
18432
18432
18432
18432
18432
18432
18432
18432
18432
18432
18432
18432
18432
18432
18432
18432
18432
18432
18432
18432
18432
18432
18432
18432
18432
18432
18432
18432
18432
18432
18432
18432
18432
18432
18432
18432
18432
18432
18432
18432
18432
18432
18432
18432
18432
18432
18432
18432
18432
18432
18432
18432
18432
18432
18432
18432
18432
18432
18432
18432
18432
18432
18432
18432
18432
18432
18432
18432
18432
18432
18432
18432
18432
18432
18432
18432
18432
18432
18432
18432
18432
18432
18432
18432
18432
18432
18432
18432
18432
18432
18432
18432
18432
18432
18432
18432
18432
18432
18432
18432
18432
18432
18432
18432
18432
18432
18432
18432
18432
18432
18432
18432
18432
18432
18432
18432
18432
18432
18432
18432
18432
18432
18432
18432
18432
18432
18432
18432
18432
18432
18432
18432
18432
18432
18432
18432
18432
18432
18432
18432
18432
18432
18432
18432
18432
18432
18432
18432
18432
18432
18432
18432
18432
18432
18432
18432
18432
18432
18432
18432
18432
18432
18432
18432
18432
18432
18432
18432
18432
18432
18432
18432
18432
18432
18432
18432
18432
18432
18432
18432
18432
18432
18432
18432
18432
18432
18432
18432
18432
18432
18432
18432
18432
18432
18432
18432
18432
18432
18432
18432
18432
18432
18432
18432
18432
18432
18432
18432
18432
18432
18432
18432
18432
18432
18432
18432
18432
18432
18432
18432
18432
18432
18432
18432
18432
18432
18432
18432
18432
18432
18432
18432
18432
18432
18432
18432
18432
18432
18432
18432
18432
18432
18432
18432
18432
18432
18432
18432
18432
18432
18432
18432
18432
18432
18432
18432
18432
18432
18432
18432
18432
18432
18432
18432
18432
18432
18432
18432
18432
18432
18432
18432
18432
18432
18432
18432
18432
18432
18432
18432
18432
18432
18432
18432
18432
18432
18432
18432
18432
18432
18432
18432
18432
18432
18432
18432
18432
18432
18432
18432
18432
18432
18432
18432
18432
18432
18432
18432
18432
18432
18432
18432
18432
18432
18432
18432
18432
18432
18432
18432
18432
18432
18432
18432
18432
18432
18432
18432
18432
18432
18432
18432
18432
18432
18432
18432
18432
18432
18432
18432
18432
18432
18432
18432
18432
18432
18432
18432
18432
18432
18432
18432
18432
18432
18432
18432
18432
18432
18432
18432
18432
18432
18432
18432
18432
18432
18432
18432
18432
18432
18432
18432
18432
18432
18432
18432
18432
18432
18432
18432
18432
18432
18432
18432
18432
18432
18432
18432
18432
18432
18432
18432
18432
18432
18432
18432
18432
18432
18432
18432
18432
18432
18432
18432
18432
18432
18432
18432
18432
18432
18432
18432
18432
18432
18432
18432
18432
18432
18432
18432
18432
18432
18432
18432
18432
18432
18432
18432
18432
18432
18432
18432
18432
18432
18432
18432
18432
18432
18432
18432
18432
18432
18432
18432
18432
18432
18432
18432
18432
18432
18432
18432
18432
18432
18432
18432
18432
18432
18432
18432
18432
18432
18432
18432
18432
18432
18432
18432
18432
18432
18432
18432
18432
18432
18432
18432
18432
18432
18432
18432
18432
18432
18432
18432
18432
18432
18432
18432
18432
18432
18432
18432
18432
18432
18432
18432
18432
18432
18432
18432
18432
18432
18432
18432
18432
18432
18432
18432
18432
18432
18432
18432
18432
18432
18432
18432
18432
18432
18432
18432
18432
18432
18432
18432
18432
18432
18432
18432
18432
18432
18432
18432
18432
18432
18432
18432
18432
18432
18432
18432
18432
18432
18432
18432
18432
18432
18432
18432
18432
18432
18432
18432
18432
18432
18432
18432
18432
18432
18432
18432
18432
18432
18432
18432
18432
18432
18432
18432
18432
18432
18432
18432
18432
18432
18432
18432
18432
18432
18432
18432
18432
18432
18432
18432
18432
18432
18432
18432
18432
18432
18432
18432
18432
18432
18432
18432
18432
18432
18432
18432
18432
18432
18432
18432
18432
18432
18432
18432
18432
18432
18432
18432
18432
18432
18432
18432
18432
18432
18432
18432
18432
18432
18432
18432
18432
18432
18432
18432
18432
18432
18432
18432
18432
18432
18432
18432
18432
18432
18432
18432
18432
18432
18432
18432
18432
18432
18432
18432
18432
18432
18432
18432
18432
18432
18432
18432
18432
18432
18432
18432
18432
18432
18432
18432
18432
18432
18432
18432
18432
18432
18432
18432
18432
18432
18432
18432
18432
18432
18432
18432
18432
18432
18432
18432
18432
18432
18432
18432
18432
18432
18432
18432
18432
18432
18432
18432
18432
18432
18432
18432
18432
18432
18432
18432
18432
18432
18432
18432
18432
18432
18432
18432
18432
18432
18432
18432
18432
18432
18432
18432
18432
18432
18432
18432
18432
18432
18432
18432
18432
18432
18432
18432
18432
18432
18432
18432
18432
18432
18432
18432
18432
18432
18432
18432
18432
18432
18432
18432
18432
18432
18432
18432
18432
18432
18432
18432
18432
18432
18432
18432
18432
18432
18432
18432
18432
18432
18432
18432
18432
18432
18432
18432
18432
18432
18432
18432
18432
18432
18432
18432
18432
18432
18432
18432
18432
18432
18432
18432
18432
18432
18432
18432
18432
18432
18432
18432
18432
18432
18432
18432
18432
18432
18432
18432
18432
18432
18432
18432
18432
18432
18432
18432
18432
18432
18432
18432
18432
18432
18432
18432
18432
18432
18432
18432
18432
18432
18432
18432
18432
18432
18432
18432
18432
18432
18432
18432
18432
18432
18432
18432
18432
18432
18432
18432
18432
18432
18432
18432
18432
18432
18432
18432
18432
18432
18432
18432
18432
18432
18432
18432
18432
18432
18432
18432
18432
18432
18432
18432
18432
18432
18432
18432
18432
18432
18432
18432
18432
18432
18432
18432
18432
18432
18432
18432
18432
18432
18432
18432
18432
18432
18432
18432
18432
18432
18432
18432
18432
18432
18432
18432
18432
18432
18432
18432
18432
18432
18432
18432
18432
18432
18432
18432
18432
18432
18432
18432
18432
18432
18432
18432
18432
18432
18432
18432
18432
18432
18432
18432
18432
18432
18432
18432
18432
18432
18432
18432
18432
18432
18432
18432
18432
18432
18432
18432
18432
18432
18432
18432
18432
18432
18432
18432
18432
18432
18432
18432
18432
18432
18432
18432
18432
18432
18432
18432
18432
18432
18432
18432
18432
18432
18432
18432
18432
18432
18432
18432
18432
18432
18432
18432
18432
18432
18432
18432
18432
18432
18432
18432
18432
18432
18432
18432
18432
18432
18432
18432
18432
18432
18432
18432
18432
18432
18432
18432
18432
18432
18432
18432
18432
18432
18432
18432
18432
18432
18432
18432
18432
18432
18432
18432
18432
18432
18432
18432
18432
18432
18432
18432
18432
18432
18432
18432
18432
18432
18432
18432
18432
18432
18432
18432
18432
18432
18432
18432
18432
18432
18432
18432
18432
18432
18432
18432
18432
18432
18432
18432
18432
18432
18432
18432
18432
18432
18432
18432
18432
18432
18432
18432
18432
18432
18432
18432
18432
18432
18432
18432
18432
18432
18432
18432
18432
18432
18432
18432
18432
18432
18432
18432
18432
18432
18432
18432
18432
18432
18432
18432
18432
18432
18432
18432
18432
18432
18432
18432
18432
18432
18432
18432
18432
18432
18432
18432
18432
18432
18432
18432
18432
18432
18432
18432
18432
18432
18432
18432
18432
18432
18432
18432
18432
18432
18432
18432
18432
18432
18432
18432
18432
18432
18432
18432
18432
18432
18432
18432
18432
18432
18432
18432
18432
18432
18432
18432
18432
18432
18432
18432
18432
18432
18432
18432
18432
18432
18432
18432
18432
18432
18432
18432
18432
18432
18432
18432
18432
18432
18432
18432
18432
18432
18432
18432
18432
18432
18432
18432
18432
18432
18432
18432
18432
18432
18432
18432
18432
18432
18432
18432
18432
18432
18432
7
26
45
64
83
102
121
140
159
178
197
216
235
254
273
292
311
330
349
368
387
406
425
444
463
482
501
520
539
558
577
596
615
634
653
672
691
710
729
748
767
786
805
824
843
862
881
900
919
938
957
976
995
1014
1033
1052
1071
1090
1109
1128
1147
1166
1185
1204
1223
1242
1261
1280
1299
1318
1337
1356
1375
1394
1413
1432
1451
1470
1489
1508
1527
1546
1565
1584
1603
1622
1641
1660
1679
1698
1717
1736
1755
1774
1793
1812
1831
1850
1869
1888
1907
1926
1945
1964
1983
2002
2021
2040
2059
2078
2097
2116
2135
2154
2173
2192
2211
2230
2249
2268
2287
2306
2325
2344
2363
2382
2401
2420
2439
2458
2477
2496
2515
2534
2553
2572
2591
2610
2629
2648
2667
2686
2705
2724
2743
2762
2781
2800
2819
2838
2857
2876
2895
2914
2933
2952
2971
2990
3009
3028
3047
3066
3085
3104
3123
3142
3161
3180
3199
3218
3237
3256
3275
3294
3313
3332
3351
3370
3389
3408
3427
3446
3465
3484
3503
3522
3541
3560
3579
3598
3617
3636
3655
3674
3693
3712
3731
3750
3769
3788
3807
3826
3845
3864
3883
3902
3921
3940
3959
3978
3997
4016
4035
4054
4073
4092
4111
4130
4149
4168
4187
4206
4225
4244
4263
4282
4301
4320
4339
4358
4377
4396
4415
4434
4453
4472
4491
4510
4529
4548
4567
4586
4605
4624
4643
4662
4681
4700
4719
4738
4757
4776
4795
4814
4833
4852
4871
4890
4909
4928
4947
4966
4985
5004
5023
5042
5061
5080
5099
5118
5137
5156
5175
5194
5213
5232
5251
5270
5289
5308
5327
5346
5365
5384
5403
5422
5441
5460
5479
5498
5517
5536
5555
5574
5593
5612
5631
5650
5669
5688
5707
5726
5745
5764
5783
5802
5821
5840
5859
5878
5897
5916
5935
5954
5973
5992
6011
6030
6049
6068
6087
6106
6125
6144
6163
6182
6201
6220
6239
6258
6277
6296
6315
6334
6353
6372
6391
6410
6429
6448
6467
6486
6505
6524
6543
6562
6581
6600
6619
6638
6657
6676
6695
6714
6733
6752
6771
6790
6809
6828
6847
6866
6885
6904
6923
6942
6961
6980
6999
7018
7037
7056
7075
7094
7113
7132
7151
7170
7189
7208
7227
7246
7265
7284
7303
7322
7341
7360
7379
7398
7417
7436
7455
7474
7493
7512
7531
7550
7569
7588
7607
7626
7645
7664
7683
7702
7721
7740
7759
7778
7797
7816
7835
7854
7873
7892
7911
7930
7949
7968
7987
8006
8025
8044
8063
8082
8101
8120
8139
8158
8177
8196
8215
8234
8253
8272
8291
8310
8329
8348
8367
8386
8405
8424
8443
8462
8481
8500
8519
8538
8557
8576
8595
8614
8633
8652
8671
8690
8709
8728
8747
8766
8785
8804
8823
8842
8861
8880
8899
8918
8937
8956
8975
8994
9013
9032
9051
9070
9089
9108
9127
9146
9165
9184
9203
9222
9241
9260
9279
9298
9317
9336
9355
9374
9393
9412
9431
9450
9469
9488
9507
9526
9545
9564
9583
9602
9621
9640
9659
9678
9697
9716
9735
9754
9773
9792
9811
9830
9849
9868
9887
9906
9925
9944
9963
9982
10001
10020
10039
10058
10077
10096
10115
10134
10153
10172
10191
10210
10229
10248
10267
10286
10305
10324
10343
10362
10381
10400
10419
10438
10457
10476
10495
10514
10533
10552
10571
10590
10609
10628
10647
10666
10685
10704
10723
10742
10761
10780
10799
10818
10837
10856
10875
10894
10913
10932
10951
10970
10989
11008
11027
11046
11065
11084
11103
11122
11141
11160
11179
11198
11217
11236
11255
11274
11293
11312
11331
11350
11369
11388
11407
11426
11445
11464
11483
11502
11521
11540
11559
11578
11597
11616
11635
11654
11673
11692
11711
11730
11749
11768
11787
11806
11825
11844
11863
11882
11901
11920
11939
11958
11977
11996
12015
12034
12053
12072
12091
12110
12129
12148
12167
12186
12205
12224
12243
12262
12281
12300
12319
12338
12357
12376
12395
12414
12433
12452
12471
12490
12509
12528
12547
12566
12585
12604
12623
12642
12661
12680
12699
12718
12737
12756
12775
12794
12813
12832
12851
12870
12889
12908
12927
12946
12965
12984
13003
13022
13041
13060
13079
13098
13117
13136
13155
13174
13193
13212
13231
13250
13269
13288
13307
13326
13345
13364
13383
13402
13421
13440
13459
13478
13497
13516
13535
13554
13573
13592
13611
13630
13649
13668
13687
13706
13725
13744
13763
13782
13801
13820
13839
13858
13877
13896
13915
13934
13953
13972
13991
14010
14029
14048
14067
14086
14105
14124
14143
14162
14181
14200
14219
14238
14257
14276
14295
14314
14333
14352
14371
14390
14409
14428
14447
14466
14485
14504
14523
14542
14561
14580
14599
14618
14637
14656
14675
14694
14713
14732
14751
14770
14789
14808
14827
14846
14865
14884
14903
14922
14941
14960
14979
14998
15017
15036
15055
15074
15093
15112
15131
15150
15169
15188
15207
15226
15245
15264
15283
15302
15321
15340
15359
15378
15397
15416
15435
15454
15473
15492
15511
15530
15549
15568
15587
15606
15625
15644
15663
15682
15701
15720
15739
15758
15777
15796
15815
15834
15853
15872
15891
15910
15929
15948
15967
15986
16005
16024
16043
16062
16081
16100
16119
16138
16157
16176
16195
16214
16233
16252
16271
16290
16309
16328
16347
16366
16385
16404
16423
16442
16461
16480
16499
16518
16537
16556
16575
16594
16613
16632
16651
16670
16689
16708
16727
16746
16765
16784
16803
16822
16841
16860
16879
16898
16917
16936
16955
16974
16993
17012
17031
17050
17069
17088
17107
17126
17145
17164
17183
17202
17221
17240
17259
17278
17297
17316
17335
17354
17373
17392
17411
17430
17449
17468
17487
17506
17525
17544
17563
17582
17601
17620
17639
17658
17677
17696
17715
17734
17753
17772
17791
17810
17829
17848
17867
17886
17905
17924
17943
17962
17981
18000
18019
18038
18057
18076
18095
18114
18133
18152
18171
18190
18209
18228
18247
18266
18285
18304
18323
18342
18361
18380
18399
18418
4
23
42
61
80
99
118
137
156
175
194
213
232
251
270
289
308
327
346
365
384
403
422
441
460
479
498
517
536
555
574
593
612
631
650
669
688
707
726
745
764
783
802
821
840
859
878
897
916
935
954
973
992
1011
1030
1049
1068
1087
1106
1125
1144
1163
1182
1201
1220
1239
1258
1277
1296
1315
1334
1353
1372
1391
1410
1429
1448
1467
1486
1505
1524
1543
1562
1581
1600
1619
1638
1657
1676
1695
1714
1733
1752
1771
1790
1809
1828
1847
1866
1885
1904
1923
1942
1961
1980
1999
2018
2037
2056
2075
2094
2113
2132
2151
2170
2189
2208
2227
2246
2265
2284
2303
2322
2341
2360
2379
2398
2417
2436
2455
2474
2493
2512
2531
2550
2569
2588
2607
2626
2645
2664
2683
2702
2721
2740
2759
2778
2797
2816
2835
2854
2873
2892
2911
2930
2949
2968
2987
3006
3025
3044
3063
3082
3101
3120
3139
3158
3177
3196
3215
3234
3253
3272
3291
3310
3329
3348
3367
3386
3405
3424
3443
3462
3481
3500
3519
3538
3557
3576
3595
3614
3633
3652
3671
3690
3709
3728
3747
3766
3785
3804
3823
3842
3861
3880
3899
3918
3937
3956
3975
3994
4013
4032
4051
4070
4089
4108
4127
4146
4165
4184
4203
4222
4241
4260
4279
4298
4317
4336
4355
4374
4393
4412
4431
4450
4469
4488
4507
4526
4545
4564
4583
4602
4621
4640
4659
4678
4697
4716
4735
4754
4773
4792
4811
4830
4849
4868
4887
4906
4925
4944
4963
4982
5001
5020
5039
5058
5077
5096
5115
5134
5153
5172
5191
5210
5229
5248
5267
5286
5305
5324
5343
5362
5381
5400
5419
5438
5457
5476
5495
5514
5533
5552
5571
5590
5609
5628
5647
5666
5685
5704
5723
5742
5761
5780
5799
5818
5837
5856
5875
5894
5913
5932
5951
5970
5989
6008
6027
6046
6065
6084
6103
6122
6141
6160
6179
6198
6217
6236
6255
6274
6293
6312
6331
6350
6369
6388
6407
6426
6445
6464
6483
6502
6521
6540
6559
6578
6597
6616
6635
6654
6673
6692
6711
6730
6749
6768
6787
6806
6825
6844
6863
6882
6901
6920
6939
6958
6977
6996
7015
7034
7053
7072
7091
7110
7129
7148
7167
7186
7205
7224
7243
7262
7281
7300
7319
7338
7357
7376
7395
7414
7433
7452
7471
7490
7509
7528
7547
7566
7585
7604
7623
7642
7661
7680
7699
7718
7737
7756
7775
7794
7813
7832
7851
7870
7889
7908
7927
7946
7965
7984
8003
8022
8041
8060
8079
8098
8117
8136
8155
8174
8193
8212
8231
8250
8269
8288
8307
8326
8345
8364
8383
8402
8421
8440
8459
8478
8497
8516
8535
8554
8573
8592
8611
8630
8649
8668
8687
8706
8725
8744
8763
8782
8801
8820
8839
8858
8877
8896
8915
8934
8953
8972
8991
9010
9029
9048
9067
9086
9105
9124
9143
9162
9181
9200
9219
9238
9257
9276
9295
9314
9333
9352
9371
9390
9409
9428
9447
9466
9485
9504
9523
9542
9561
9580
9599
9618
9637
9656
9675
9694
9713
9732
9751
9770
9789
9808
9827
9846
9865
9884
9903
9922
9941
9960
9979
9998
10017
10036
10055
10074
10093
10112
10131
10150
10169
10188
10207
10226
10245
10264
10283
10302
10321
10340
10359
10378
10397
10416
10435
10454
10473
10492
10511
10530
10549
10568
10587
10606
10625
10644
10663
10682
10701
10720
10739
