10151
7766
6101
9629
9742
2031
8379
14908
1341
11169
3523
11623
12588
14889
9628
1398
13710
16427
1105
11436
153
17111
1667
17662
10240
7475
1419
1346
18103
11889
17352
3817
7017
129
17764
3712
17302
9837
18198
3902
4677
678
9627
728
1589
12180
14340
8661
2724
12738
7869
7341
7039
1011
6801
4322
14527
4949
12529
12761
13710
11011
18269
9913
17845
18210
11635
7096
13880
10857
17176
10718
17527
12184
3370
12342
5824
18291
3436
11881
7986
4529
16026
13802
980
8303
14982
13210
7336
5367
6517
11400
11657
11158
16592
1118
2849
12818
5197
1640
17937
6403
14900
402
6144
16725
8216
2720
12375
16210
11220
12955
6084
9343
14296
1
6476
13010
6921
17737
16054
6700
2418
18419
16120
10467
16644
1100
183
1129
9912
650
3296
3026
17124
1308
14809
12440
13884
6011
7477
17459
8227
6166
8218
590
3143
4621
2913
10650
1798
13120
843
15430
9118
10037
5772
6892
5996
10940
10147
18112
8251
381
10292
11674
12481
1610
7936
14268
6849
11558
1053
5476
10240
15590
177
18184
11341
6157
16336
10349
701
2930
2201
12458
12102
17633
8168
3250
17056
17708
18326
333
14125
3352
776
13116
9727
1110
3327
8788
17979
5918
10190
16548
6376
5209
16623
10658
5913
16595
6834
6963
13226
13590
4129
3282
17151
9198
3823
17564
5576
8289
12541
15286
4887
18325
12559
2519
16413
14076
10040
16138
11832
1590
2662
1553
2475
16827
4047
13717
3401
13161
14247
11637
15101
11640
6151
3004
7002
7693
9290
6596
4013
2042
5971
5463
4486
10949
2294
2676
9117
13535
9645
11973
11368
3716
18275
3041
10620
16865
7041
12475
16146
14044
10491
10460
18148
74
11825
11771
2311
5493
13704
12246
7011
12762
954
17886
1436
6375
18009
10455
9686
912
5250
14286
16687
5600
16589
1817
2676
11525
16993
1234
5422
1038
9456
9194
18000
11786
17969
6924
17477
3726
9987
9285
15826
5710
5309
431
6865
17767
17692
14933
13811
6647
10041
12303
2573
677
295
16302
1621
15476
13237
17132
15794
10419
14743
89
634
2322
6347
6576
7685
3324
15667
4984
7595
16638
4094
9812
7573
24
8234
1083
4385
17953
8651
2465
13251
2051
5737
8488
3161
14095
2599
12975
15310
7116
17577
17928
9255
3745
15685
5297
15348
2544
3722
18351
11770
5004
14341
2721
7699
17848
2157
3488
7038
11627
3321
9974
15969
14514
9674
7444
3257
10257
8072
9682
17200
17739
3434
11042
9113
16222
3384
6932
9930
8147
17008
2998
4967
8800
15221
15940
13620
12408
14594
3236
12319
688
18363
1692
10866
17254
1369
7440
2410
7920
9622
1585
12787
15858
9770
1477
12096
14255
13589
9927
12892
10736
17780
1658
1660
2808
3500
5997
11130
12062
9892
6622
5739
14307
245
15606
5338
6497
15317
17982
16506
2348
5187
5045
1506
13251
13697
4724
1514
5894
16151
16624
1492
719
2615
16866
7330
17477
934
146
7779
15083
12232
1829
15151
6454
1456
13136
10744
17046
6215
17894
880
7259
7023
2692
7252
17004
14287
1186
12905
8899
2530
17743
6264
12893
8436
2786
2692
1381
16775
10449
16448
8964
2855
13495
14310
9619
67
11302
3121
12334
0
17555
12874
13921
15627
746
12198
11439
1541
4416
3931
15776
6995
9417
5219
7711
3891
15117
17120
11447
12573
484
6022
8619
4245
18091
6576
4510
15078
3815
8940
17689
1386
5680
1642
14651
4465
13615
5065
7758
15305
14583
13138
1190
12087
8298
15804
14608
8230
10330
18041
9921
3432
6607
13434
5747
3965
13558
15454
16954
11961
2532
12819
1320
8598
7232
2429
5489
8268
7093
16183
11345
12962
14360
7052
3447
11155
7742
17054
16157
17580
13797
7262
7267
10605
13069
12543
10287
1394
5959
3942
15516
5421
1958
12862
13061
17400
13392
13621
13062
161
5042
4611
10780
4987
9558
8650
7265
15695
2234
7585
11315
4767
11532
9136
3835
14250
12746
7459
17830
5071
195
2583
8362
11383
10887
16519
6422
5191
12092
7358
17112
7410
5068
11289
13620
11513
5043
1755
3535
1073
231
295
9154
921
6012
13877
1796
9225
18055
10508
7506
17676
18127
5358
2950
8236
12044
15751
7096
4979
12177
17868
17816
1196
14765
11096
12557
3474
15555
13788
3969
7908
13428
3904
13367
517
9819
15325
11767
13920
1735
8405
4111
17853
5162
18090
6572
655
11220
13989
8504
4573
17705
2134
13920
15123
1326
10621
1303
3379
13170
6027
7369
7749
4937
6580
5411
7576
5578
14493
6617
11086
16045
6879
266
16604
6042
15213
6162
5238
4584
4839
4906
16337
3633
6945
929
9693
8007
1963
15089
7837
4528
4400
13883
5859
5776
7660
16787
17588
2603
939
6102
11117
5469
2136
17892
7942
9479
12081
5406
4529
788
15647
15901
18116
4749
13446
3223
13532
11602
2472
5117
10584
2364
7128
13602
15875
17083
3081
9234
12740
10191
2587
1742
16315
4397
9993
8769
12616
12616
15135
2138
1258
14880
15552
17159
17993
7230
4216
7276
1267
16724
15073
13444
16687
13699
3910
5450
1119
11870
14657
13793
14117
14409
1610
8552
9956
6547
16958
7578
8231
17045
8518
3484
4712
9669
15183
15919
9669
13294
737
14904
14563
12593
6146
16729
14211
14410
18007
1365
9312
11488
11104
14511
1125
17180
6354
14111
3266
18400
16932
13404
17466
18339
17004
7927
4453
568
10117
10877
15453
6209
9615
8140
6707
18162
372
4276
13951
100
12754
1646
15266
15467
4722
16149
3539
6884
6153
602
6918
11189
3382
8246
3225
12544
7781
13140
5679
13267
16528
17042
16213
3489
13844
15837
184
15958
8899
12096
8725
2127
12801
3284
11018
11402
16968
4024
6676
6353
14139
14563
11234
3792
10522
16465
18425
16208
8785
1003
7743
9800
8768
2694
6210
5863
15394
5659
10986
871
12175
13152
7434
9059
9021
8649
3252
17659
10018
12220
12152
18224
18187
3878
9764
15448
8458
1445
7377
10992
9158
4226
9918
5711
1417
12350
11202
3306
14753
16283
11859
10387
2283
15248
8633
7189
3638
2942
11946
15045
3684
5275
5162
11760
3899
4868
16020
13751
12110
1949
371
5976
10947
4858
5598
1702
11036
8954
8151
5623
8897
13159
15569
12738
7393
9393
7603
17518
6252
7395
15893
16794
18122
13470
8360
2285
15134
16004
16054
1487
4490
10928
10214
10482
17398
13530
5757
7661
4662
1103
12604
9688
2180
14373
1338
8129
7242
1938
2761
18187
12658
13846
15935
9827
1000
6183
8520
14380
380
6766
9647
8754
13990
5468
16246
663
5252
18159
13484
11907
17431
4126
7832
1309
2510
8141
5505
14486
16099
1276
17507
17426
11289
12425
30
3286
3863
744
5315
11380
1040
13970
5693
5644
8943
1701
8361
6645
6638
14014
5764
3032
3477
14757
655
6276
14524
5499
2037
16920
7804
10179
16496
2028
8632
11146
12483
309
6970
466
13406
18055
17983
2446
4269
7383
12883
13647
1526
8372
11693
2461
15367
15
298
10621
10162
10660
7593
6886
3590
6497
8027
12377
5161
4941
2983
17747
14622
16022
13750
4417
11591
16173
13235
11336
17596
9127
15397
16484
10233
3606
13236
367
5799
4305
10494
3128
4469
12247
8761
15254
9784
12462
2619
1751
10364
7329
16634
15872
13854
8146
16082
12237
16974
8167
7098
5754
9213
12664
17637
6496
12096
15801
5973
6009
4881
11405
10140
3394
14877
15745
3364
13273
4538
8405
9976
11038
782
4177
14453
13682
10893
6980
12475
3585
157
2371
12766
10057
14938
12956
11242
6348
15520
6611
16628
1464
13253
5112
18152
3462
1133
18344
14378
11614
13501
4120
1190
10356
14239
10083
12039
11170
5916
10274
5651
9221
17324
3829
866
16032
13160
3515
6498
11933
6064
15141
10653
2479
6491
9509
15364
17913
13803
13772
8370
16740
11620
13769
5404
7238
17371
8912
9
1253
15003
12670
10986
3018
4175
8290
4587
4213
16133
4942
14200
15755
7092
10150
6761
17599
7481
1084
4473
8819
13620
8989
12506
11545
17989
8367
8413
5776
15468
12408
2905
8737
13847
14287
6742
7051
7127
3696
2868
12774
8657
9778
7219
4283
8915
13464
12700
14648
18077
18289
5607
1951
13153
236
10730
6102
267
13882
18057
16554
10772
13665
1543
3329
14791
1569
6142
6422
11896
2944
16369
4423
780
15621
1119
13154
6864
11847
11450
7315
9715
11971
11693
7689
17822
9724
7123
13810
11382
17892
784
6140
10893
4607
6380
6111
8633
2082
11265
8429
10008
17648
1991
13908
10062
17966
13188
6024
16005
15797
5492
15998
13198
17109
6679
17699
1414
96
7194
464
15996
4893
10891
17133
464
11376
5868
1952
5539
5635
10939
9105
13985
15376
10893
6007
3185
10030
4164
2932
6649
10309
6978
13564
2981
16593
12386
5377
3553
15852
7182
5553
4901
15423
15609
8456
14907
8296
2647
15758
17749
8556
14403
7149
15597
10517
18302
12082
1048
10325
15134
16185
11087
4213
11718
16225
13502
15776
7744
11411
3059
7605
13254
9221
16736
4528
876
16240
2491
14107
8714
17656
17877
5944
11065
10464
15722
6732
14583
7414
153
13079
11745
3163
17911
11481
1544
1058
7262
1761
14502
17456
3594
13096
11161
11245
5855
10423
13750
2191
3982
11537
7448
6076
12498
4229
5174
3316
2196
10568
14222
184
8773
1430
9117
7955
13847
130
889
6529
1785
321
4556
8807
18057
3136
13288
12364
2424
3859
4722
14642
3439
15273
15864
16064
5275
5141
11905
17828
6006
17804
9844
1266
