8378
9958
12146
18156
14352
9715
5280
15767
13845
11995
8902
11407
8901
6308
7528
17828
17814
14426
4790
7123
5523
7766
7668
10223
14251
15089
17336
512
1938
13524
10643
10912
12313
2274
1990
9915
15643
13372
17037
1999
17638
13742
6626
8534
546
17852
2908
5387
15078
17617
7837
14767
11869
14097
8136
6956
17847
3089
15022
1890
3283
3411
13533
14668
13913
17535
5612
16183
3778
845
7300
4789
15593
5991
23
6086
5812
3948
12321
1676
16845
1933
1699
16059
4833
11231
18317
16662
14634
16336
16317
3689
583
10002
10584
16131
8040
11637
4110
580
1865
1252
8040
18022
1016
7726
10274
15222
12621
10294
9578
10655
3907
14639
13121
13013
15007
2842
14959
15226
2605
1456
6786
2433
13680
13595
3691
7528
12009
7767
8902
6759
6402
18260
13287
10415
7286
15910
17458
7080
14835
8918
7419
16297
11973
7301
12794
12218
6204
4625
796
7501
16217
8885
11120
1492
4431
15659
3006
14601
13471
1252
12905
18364
13680
2424
9907
15533
4421
7180
4812
117
16023
15770
10407
9809
6341
9822
6191
15352
10592
573
8445
17029
14410
1730
10749
10744
4892
10275
14922
9507
3026
7946
18305
16016
1448
13193
13949
13691
5524
9793
11231
1645
1013
6693
1837
414
1858
10182
11380
5057
17853
14249
7114
2042
12091
15891
2853
2952
12540
16730
15854
6671
16783
9082
16901
841
9160
10436
9678
14738
15979
15896
1128
2791
14005
16662
14976
14230
89
18059
10324
2963
11177
11959
9513
11473
4901
11953
16369
1739
7607
10570
8470
7336
16375
10779
11691
7325
2615
6210
17064
281
16554
14672
8154
9978
8140
8183
1119
10532
14921
15359
2713
12512
15746
3825
7955
14643
6788
14360
9638
8924
7064
16983
17085
16718
5350
640
13561
10319
11819
13555
2265
10493
14391
17871
9618
15064
3357
13527
5464
2060
10076
8885
7957
8468
7459
1413
15471
915
11046
18315
1747
13819
15838
9461
7512
165
16752
11502
610
17418
17776
2788
8065
213
3948
18016
12846
11510
14252
11804
17170
4784
12867
15527
15319
9011
542
12713
12436
7369
521
5412
3625
6264
11488
1912
16464
4088
5364
792
6643
9920
329
17753
10804
6267
5669
1853
16840
9536
9286
9204
14042
3932
15387
8230
11985
14253
8877
6955
6018
216
8673
17823
14967
13663
12311
6141
2814
10804
15192
9042
2293
15716
16700
1835
3013
8606
6965
3413
9755
8261
13338
5299
11161
14454
5517
7696
2950
15204
406
9687
5864
12432
233
2143
13331
10618
2655
4431
8062
9924
6884
1956
15206
7776
8599
6382
6957
5479
3816
6138
16561
9333
8483
1368
16637
8252
17477
18278
13081
16339
4822
6406
17552
5101
17763
16258
4620
16713
2556
13896
11620
11816
9630
14863
10612
9071
11814
2100
698
8387
14863
15677
15180
10013
13522
15198
10763
7245
13401
13514
17324
9763
72
14215
5736
6574
3523
8566
12817
17122
710
13953
1758
1470
6987
10445
4422
14015
6545
17359
17663
1516
13801
11445
11137
12105
16091
6077
12087
15094
9796
2572
16101
7707
5125
3674
12838
7371
11484
4857
10207
17760
2146
757
15566
16633
3423
10045
11848
8368
7234
13766
190
6800
340
10827
15352
11346
17657
17680
13414
6941
7470
9229
6389
1480
2077
9909
6064
5492
58
4079
17531
10088
5162
8578
17650
4269
8695
14508
15671
378
18117
10304
1381
16245
4343
16664
940
2623
2504
12722
12110
10242
17917
11815
15385
11061
13221
8023
13508
15649
14481
18011
1491
5165
11307
7112
2649
4852
14045
3831
11056
7169
18085
2167
790
16533
2922
18390
12255
2830
1302
14130
7516
3898
9157
10525
12671
17673
6285
10689
6361
4120
98
16350
125
13711
6744
8783
9983
4376
14968
14716
5381
12084
1733
4295
4346
5818
4367
9321
4103
8652
14132
10184
7460
11932
10527
9429
6253
17399
7256
8627
9746
2478
51
6401
16217
8326
2153
17610
9034
3283
15400
16512
10892
10289
10923
15502
1351
724
1231
18066
7440
15424
16194
2345
2520
7209
5646
11145
14005
7824
9392
3746
15011
1803
7040
9128
12718
2339
6557
5388
8080
4388
7712
11621
14223
15370
1343
14994
13869
4320
6765
17484
13374
14440
11325
4609
2797
306
9070
6202
11901
16449
1431
12012
14691
18030
3331
8530
327
11760
5489
919
10089
11244
3841
2146
9573
5029
37
10860
2175
13561
15331
4524
12965
5532
1204
7609
3567
10231
7558
752
17848
6045
13758
14804
15970
4649
4284
316
4255
13038
15478
2221
4710
13323
5840
14124
4439
2190
12903
13930
3552
14161
15794
13719
15080
16063
9407
1786
12944
12906
18268
13495
749
9916
14424
6254
6332
16971
13722
3080
18280
13481
8465
17552
13809
6000
13287
5621
18191
9431
11220
3817
14290
15366
8331
6045
17798
6067
12921
8956
5809
16456
15129
2522
12058
2718
11494
4564
1947
11854
5890
7079
5821
15060
18296
15322
8892
9726
17225
6364
14293
13768
1397
8515
8488
13365
7701
18306
487
7812
8214
2403
7410
15124
16158
9062
3926
16800
14698
8736
1044
2986
17168
15708
8824
9276
13224
3916
15204
4057
10696
1845
16412
16737
13689
16030
4627
8477
9334
5481
10871
15535
13142
11169
13502
13328
4879
300
15589
6883
2073
8896
6818
11771
12198
12509
9829
17554
17541
7277
4787
4991
17558
2567
9174
15914
5410
13438
14845
7963
1062
9586
9557
13194
8727
12905
1549
7306
9204
1003
15616
13076
13107
14712
6048
9872
1751
6298
10159
14054
18304
109
6723
1647
7148
2632
14930
16633
5641
14604
15121
13493
3004
10615
16104
3075
6453
5361
10235
6496
14535
15526
5369
14310
4510
2223
6427
11643
7766
6081
8406
16002
7251
5232
7559
5996
5506
13269
5166
14503
13166
7360
87
1816
6426
16192
10469
5572
13500
13356
10136
16583
14087
1531
15568
5444
9858
66
1334
4982
14115
2369
13013
1273
9487
2330
7351
11392
6177
6222
7192
4295
16931
5218
17267
14215
14491
12735
1271
9291
12616
14349
5533
10770
4731
13336
9718
14875
4279
8749
2601
5816
3386
1033
7846
489
13088
10363
4886
17800
8268
13254
16113
13270
11843
10396
12579
14960
3459
3748
11069
7154
5208
761
12108
8691
2157
10517
3188
11420
17518
10384
9444
17510
12760
2633
4353
13822
13731
13664
4234
11361
7989
1581
2394
16708
10090
9335
16095
7555
15481
3716
6493
14486
16857
13132
15782
12952
17991
9285
9057
12920
2988
3463
9452
1196
7352
15167
6496
4462
12479
4204
12299
8769
12757
9725
2305
12166
9107
11729
3426
4545
14219
9767
5084
17389
6000
3604
3396
17296
16374
17671
8032
11202
5318
9881
2171
1512
12213
2048
7029
9354
13417
1414
6587
4121
7991
6744
15042
15428
9379
17220
7910
6492
5037
17932
6308
8019
16686
5855
7033
15756
7463
13646
8575
13114
7369
4395
5437
14515
78
10644
3182
4866
10983
18211
13193
18260
767
17560
12216
2542
14822
11904
16678
10733
2246
7427
8323
7308
9479
13573
8140
10371
11044
2665
750
14174
3224
7902
1383
3217
18087
11270
5703
17215
11761
10484
948
15890
3136
8112
12138
3910
2049
2799
10525
7993
3614
8384
13887
12421
10262
11717
11926
8849
13261
4301
5108
16204
15903
10834
8212
16908
13174
1824
8520
9266
6706
11820
18217
13893
213
15860
12477
16596
1667
13949
9317
8954
1215
15575
4367
11817
12293
9363
14861
14417
8272
18244
1663
7958
4002
8709
14573
17715
3846
5
6615
6059
2887
10734
16923
8331
1813
2432
5370
4888
16667
7873
3279
10491
4983
16847
17055
7927
4828
9442
6326
10298
2502
4336
3665
8663
16970
15904
1306
3566
57
6798
8160
8852
756
182
8072
12373
17965
736
6241
16571
995
6808
2048
10096
11885
12539
9982
8041
11244
11304
12554
4690
2323
17976
14587
1741
1243
7977
12657
13559
4365
5434
7589
2237
9727
17703
11714
17316
468
17812
3521
11271
2303
3510
18017
3451
219
10486
3898
3286
13718
5042
13175
9323
4785
7614
4649
5873
5338
4305
1362
5947
3844
12641
12502
4020
10338
10339
3150
15228
4708
691
12909
5593
17814
12474
9196
17332
7997
10752
5383
9935
11657
7371
7217
11585
5371
17719
12438
9965
1287
9120
16945
4681
4281
16807
9777
4647
17455
3297
8934
17225
10681
11181
5876
2375
4317
15643
8091
3017
12112
4324
5998
11045
1206
11964
18118
6654
6757
13879
13727
17102
16346
16085
12084
17379
15092
6767
2295
12064
3793
18059
13401
10780
11669
856
1428
10671
18142
15389
3610
11657
5443
6413
7465
4066
200
12372
12664
1309
6256
12853
13832
7122
12241
3881
2328
6735
17266
5380
2556
11275
14654
5553
11532
16044
7561
15636
13396
3314
16555
10433
16358
12044
966
8179
9818
15753
17747
15335
13033
15725
1467
15617
10740
8331
6314
14531
12381
7339
5045
12965
2429
4459
9730
11781
18179
7265
4756
14111
5355
12187
6439
13237
4309
13201
783
4149
3220
10901
3791
18264
16282
15525
11206
9212
11077
2643
9038
7762
14212
6500
756
7453
13602
2669
15977
3054
14042
5722
14976
7428
2013
8690
11558
10396
9765
6138
13336
10543
3148
949
9574
4332
17562
8705
1373
16222
16751
16909
15639
10692
1307
6800
16227
9980
11281
17686
3347
7728
9404
949
18308
11158
1139
3597
5374
11130
17026
15788
2016
317
15614
10341
684
12196
14656
3656
3566
18230
4398
9583
10021
12800
3996
10777
13672
1263
9842
6387
15460
6184
16697
6572
