0 4602678819172646912
0 4613937818241073152
0 4710765209155796992
1 4602678819172646912
1 4613937818241073152
1 4710765209155796992
4503599627370495 4602678819172646912
4503599627370495 4613937818241073152
4503599627370495 4710765209155796992
4503599627370496 4602678819172646912
4503599627370496 4613937818241073152
4503599627370496 4710765209155796992
4503599627370497 4602678819172646912
4503599627370497 4613937818241073152
4503599627370497 4710765209155796992
6755399441055743 4602678819172646912
6755399441055743 4613937818241073152
6755399441055743 4710765209155796992
9007199254740991 4602678819172646912
9007199254740991 4613937818241073152
9007199254740991 4710765209155796992
9007199254740992 4602678819172646912
9007199254740992 4613937818241073152
9007199254740992 4710765209155796992
9007199254740993 4602678819172646912
9007199254740993 4613937818241073152
9007199254740993 4710765209155796992
11258999068426239 4602678819172646912
11258999068426239 4613937818241073152
11258999068426239 4710765209155796992
13510798882111487 4602678819172646912
13510798882111487 4613937818241073152
13510798882111487 4710765209155796992
450359962737049600 4602678819172646912
450359962737049600 4613937818241073152
450359962737049600 4710765209155796992
450359962737049601 4602678819172646912
450359962737049601 4613937818241073152
450359962737049601 4710765209155796992
452611762550734847 4602678819172646912
452611762550734847 4613937818241073152
452611762550734847 4710765209155796992
454863562364420095 4602678819172646912
454863562364420095 4613937818241073152
454863562364420095 4710765209155796992
2251799813685248000 4602678819172646912
2251799813685248000 4613937818241073152
2251799813685248000 4710765209155796992
2251799813685248001 4602678819172646912
2251799813685248001 4613937818241073152
2251799813685248001 4710765209155796992
2254051613498933247 4602678819172646912
2254051613498933247 4613937818241073152
2254051613498933247 4710765209155796992
2256303413312618495 4602678819172646912
2256303413312618495 4613937818241073152
2256303413312618495 4710765209155796992
4053239664633446400 4602678819172646912
4053239664633446400 4613937818241073152
4053239664633446400 4710765209155796992
4053239664633446401 4602678819172646912
4053239664633446401 4613937818241073152
4053239664633446401 4710765209155796992
4055491464447131647 4602678819172646912
4055491464447131647 4613937818241073152
4055491464447131647 4710765209155796992
4057743264260816895 4602678819172646912
4057743264260816895 4613937818241073152
4057743264260816895 4710765209155796992
4503599627370496000 4602678819172646912
4503599627370496000 4613937818241073152
4503599627370496000 4710765209155796992
4503599627370496001 4602678819172646912
4503599627370496001 4613937818241073152
4503599627370496001 4710765209155796992
4505851427184181247 4602678819172646912
4505851427184181247 4613937818241073152
4505851427184181247 4710765209155796992
4508103226997866495 4602678819172646912
4508103226997866495 4613937818241073152
4508103226997866495 4710765209155796992
4602678819172646912 4602678819172646912
4602678819172646912 4613937818241073152
4602678819172646912 4710765209155796992
4602678819172646913 4602678819172646912
4602678819172646913 4613937818241073152
4602678819172646913 4710765209155796992
4604930618986332159 4602678819172646912
4604930618986332159 4613937818241073152
4604930618986332159 4710765209155796992
4607182418800017407 4602678819172646912
4607182418800017407 4613937818241073152
4607182418800017407 4710765209155796992
4607182418800017408 4602678819172646912
4607182418800017408 4613937818241073152
4607182418800017408 4710765209155796992
4607182418800017409 4602678819172646912
4607182418800017409 4613937818241073152
4607182418800017409 4710765209155796992
4609434218613702655 4602678819172646912
4609434218613702655 4613937818241073152
4609434218613702655 4710765209155796992
4611686018427387903 4602678819172646912
4611686018427387903 4613937818241073152
4611686018427387903 4710765209155796992
4683743612465315840 4602678819172646912
4683743612465315840 4613937818241073152
4683743612465315840 4710765209155796992
4683743612465315841 4602678819172646912
4683743612465315841 4613937818241073152
4683743612465315841 4710765209155796992
4685995412279001087 4602678819172646912
4685995412279001087 4613937818241073152
4685995412279001087 4710765209155796992
4688247212092686335 4602678819172646912
4688247212092686335 4613937818241073152
4688247212092686335 4710765209155796992
4746794007248502784 4602678819172646912
4746794007248502784 4613937818241073152
4746794007248502784 4710765209155796992
4746794007248502785 4602678819172646912
4746794007248502785 4613937818241073152
4746794007248502785 4710765209155796992
4749045807062188031 4602678819172646912
4749045807062188031 4613937818241073152
4749045807062188031 4710765209155796992
4751297606875873279 4602678819172646912
4751297606875873279 4613937818241073152
4751297606875873279 4710765209155796992
4805340802404319232 4602678819172646912
4805340802404319232 4613937818241073152
4805340802404319232 4710765209155796992
4805340802404319233 4602678819172646912
4805340802404319233 4613937818241073152
4805340802404319233 4710765209155796992
4807592602218004479 4602678819172646912
4807592602218004479 4613937818241073152
4807592602218004479 4710765209155796992
4809844402031689727 4602678819172646912
4809844402031689727 4613937818241073152
4809844402031689727 4710765209155796992
4953959590107545600 4602678819172646912
4953959590107545600 4613937818241073152
4953959590107545600 4710765209155796992
4953959590107545601 4602678819172646912
4953959590107545601 4613937818241073152
4953959590107545601 4710765209155796992
4956211389921230847 4602678819172646912
4956211389921230847 4613937818241073152
4956211389921230847 4710765209155796992
4958463189734916095 4602678819172646912
4958463189734916095 4613937818241073152
4958463189734916095 4710765209155796992
5053038781909696512 4602678819172646912
5053038781909696512 4613937818241073152
5053038781909696512 4710765209155796992
5053038781909696513 4602678819172646912
5053038781909696513 4613937818241073152
5053038781909696513 4710765209155796992
5055290581723381759 4602678819172646912
5055290581723381759 4613937818241073152
5055290581723381759 4710765209155796992
5057542381537067007 4602678819172646912
5057542381537067007 4613937818241073152
5057542381537067007 4710765209155796992
9223372036854775808 4602678819172646912
9223372036854775808 4613937818241073152
9223372036854775808 4710765209155796992
9223372036854775809 4602678819172646912
9223372036854775809 4613937818241073152
9223372036854775809 4710765209155796992
9227875636482146303 4602678819172646912
9227875636482146303 4613937818241073152
9227875636482146303 4710765209155796992
9227875636482146304 4602678819172646912
9227875636482146304 4613937818241073152
9227875636482146304 4710765209155796992
9227875636482146305 4602678819172646912
9227875636482146305 4613937818241073152
9227875636482146305 4710765209155796992
9230127436295831551 4602678819172646912
9230127436295831551 4613937818241073152
9230127436295831551 4710765209155796992
9232379236109516799 4602678819172646912
9232379236109516799 4613937818241073152
9232379236109516799 4710765209155796992
9232379236109516800 4602678819172646912
9232379236109516800 4613937818241073152
9232379236109516800 4710765209155796992
9232379236109516801 4602678819172646912
9232379236109516801 4613937818241073152
9232379236109516801 4710765209155796992
9234631035923202047 4602678819172646912
9234631035923202047 4613937818241073152
9234631035923202047 4710765209155796992
9236882835736887295 4602678819172646912
9236882835736887295 4613937818241073152
9236882835736887295 4710765209155796992
9673731999591825408 4602678819172646912
9673731999591825408 4613937818241073152
9673731999591825408 4710765209155796992
9673731999591825409 4602678819172646912
9673731999591825409 4613937818241073152
9673731999591825409 4710765209155796992
9675983799405510655 4602678819172646912
9675983799405510655 4613937818241073152
9675983799405510655 4710765209155796992
9678235599219195903 4602678819172646912
9678235599219195903 4613937818241073152
9678235599219195903 4710765209155796992
11475171850540023808 4602678819172646912
11475171850540023808 4613937818241073152
11475171850540023808 4710765209155796992
11475171850540023809 4602678819172646912
11475171850540023809 4613937818241073152
11475171850540023809 4710765209155796992
11477423650353709055 4602678819172646912
11477423650353709055 4613937818241073152
11477423650353709055 4710765209155796992
11479675450167394303 4602678819172646912
11479675450167394303 4613937818241073152
11479675450167394303 4710765209155796992
13276611701488222208 4602678819172646912
13276611701488222208 4613937818241073152
13276611701488222208 4710765209155796992
13276611701488222209 4602678819172646912
13276611701488222209 4613937818241073152
13276611701488222209 4710765209155796992
13278863501301907455 4602678819172646912
13278863501301907455 4613937818241073152
13278863501301907455 4710765209155796992
13281115301115592703 4602678819172646912
13281115301115592703 4613937818241073152
13281115301115592703 4710765209155796992
13726971664225271808 4602678819172646912
13726971664225271808 4613937818241073152
13726971664225271808 4710765209155796992
13726971664225271809 4602678819172646912
13726971664225271809 4613937818241073152
13726971664225271809 4710765209155796992
13729223464038957055 4602678819172646912
13729223464038957055 4613937818241073152
13729223464038957055 4710765209155796992
13731475263852642303 4602678819172646912
13731475263852642303 4613937818241073152
13731475263852642303 4710765209155796992
13826050856027422720 4602678819172646912
13826050856027422720 4613937818241073152
13826050856027422720 4710765209155796992
13826050856027422721 4602678819172646912
13826050856027422721 4613937818241073152
13826050856027422721 4710765209155796992
13828302655841107967 4602678819172646912
13828302655841107967 4613937818241073152
13828302655841107967 4710765209155796992
13830554455654793215 4602678819172646912
13830554455654793215 4613937818241073152
13830554455654793215 4710765209155796992
13830554455654793216 4602678819172646912
13830554455654793216 4613937818241073152
13830554455654793216 4710765209155796992
13830554455654793217 4602678819172646912
13830554455654793217 4613937818241073152
13830554455654793217 4710765209155796992
13832806255468478463 4602678819172646912
13832806255468478463 4613937818241073152
13832806255468478463 4710765209155796992
13835058055282163711 4602678819172646912
13835058055282163711 4613937818241073152
13835058055282163711 4710765209155796992
13907115649320091648 4602678819172646912
13907115649320091648 4613937818241073152
13907115649320091648 4710765209155796992
13907115649320091649 4602678819172646912
13907115649320091649 4613937818241073152
13907115649320091649 4710765209155796992
13909367449133776895 4602678819172646912
13909367449133776895 4613937818241073152
13909367449133776895 4710765209155796992
13911619248947462143 4602678819172646912
13911619248947462143 4613937818241073152
13911619248947462143 4710765209155796992
13970166044103278592 4602678819172646912
13970166044103278592 4613937818241073152
13970166044103278592 4710765209155796992
13970166044103278593 4602678819172646912
13970166044103278593 4613937818241073152
13970166044103278593 4710765209155796992
13972417843916963839 4602678819172646912
13972417843916963839 4613937818241073152
13972417843916963839 4710765209155796992
13974669643730649087 4602678819172646912
13974669643730649087 4613937818241073152
13974669643730649087 4710765209155796992
14028712839259095040 4602678819172646912
14028712839259095040 4613937818241073152
14028712839259095040 4710765209155796992
14028712839259095041 4602678819172646912
14028712839259095041 4613937818241073152
14028712839259095041 4710765209155796992
14030964639072780287 4602678819172646912
14030964639072780287 4613937818241073152
14030964639072780287 4710765209155796992
14033216438886465535 4602678819172646912
14033216438886465535 4613937818241073152
14033216438886465535 4710765209155796992
14177331626962321408 4602678819172646912
14177331626962321408 4613937818241073152
14177331626962321408 4710765209155796992
14177331626962321409 4602678819172646912
14177331626962321409 4613937818241073152
14177331626962321409 4710765209155796992
14179583426776006655 4602678819172646912
14179583426776006655 4613937818241073152
14179583426776006655 4710765209155796992
14181835226589691903 4602678819172646912
14181835226589691903 4613937818241073152
14181835226589691903 4710765209155796992
14276410818764472320 4602678819172646912
14276410818764472320 4613937818241073152
14276410818764472320 4710765209155796992
14276410818764472321 4602678819172646912
14276410818764472321 4613937818241073152
14276410818764472321 4710765209155796992
14278662618578157567 4602678819172646912
14278662618578157567 4613937818241073152
14278662618578157567 4710765209155796992
14280914418391842815 4602678819172646912
14280914418391842815 4613937818241073152
14280914418391842815 4710765209155796992
4805340802404319232 4562146422526312448
1 4967470388989657088
4967470388989657088 1
9223372036854775808 4607182418800017408
