0
1
2
2251799813685247
2251799813685248
4503599627370494
4503599627370495
4503599627370496
4503599627370497
4503599627370498
6755399441055743
6755399441055744
9007199254740990
9007199254740991
9007199254740992
9007199254740993
9007199254740994
11258999068426239
11258999068426240
13510798882111486
13510798882111487
13510798882111488
13510798882111489
13510798882111490
15762598695796735
15762598695796736
18014398509481982
18014398509481983
4607182418800017408
4607182418800017409
4607182418800017410
4609434218613702655
4609434218613702656
4611686018427387902
4611686018427387903
5057542381537067008
5057542381537067009
5057542381537067010
5059794181350752255
5059794181350752256
5062045981164437502
5062045981164437503
9214364837600034816
9214364837600034817
9214364837600034818
9216616637413720063
9216616637413720064
9218868437227405310
9218868437227405311
9223372036854775808
9223372036854775809
9223372036854775810
9225623836668461055
9225623836668461056
9227875636482146302
9227875636482146303
9227875636482146304
9227875636482146305
9227875636482146306
9230127436295831551
9230127436295831552
9232379236109516798
9232379236109516799
9232379236109516800
9232379236109516801
9232379236109516802
9234631035923202047
9234631035923202048
9236882835736887294
9236882835736887295
9236882835736887296
9236882835736887297
9236882835736887298
9239134635550572543
9239134635550572544
9241386435364257790
9241386435364257791
13830554455654793216
13830554455654793217
13830554455654793218
13832806255468478463
13832806255468478464
13835058055282163710
13835058055282163711
14280914418391842816
14280914418391842817
14280914418391842818
14283166218205528063
14283166218205528064
14285418018019213310
14285418018019213311
18437736874454810624
18437736874454810625
18437736874454810626
18439988674268495871
18439988674268495872
18442240474082181118
18442240474082181119
