0 -365
0 -1
0 0
0 1
0 366
1 -365
1 -1
1 0
1 1
1 366
2 -365
2 -1
2 0
2 1
2 366
4503599627370495 -365
4503599627370495 -1
4503599627370495 0
4503599627370495 1
4503599627370495 366
4503599627370496 -365
4503599627370496 -1
4503599627370496 0
4503599627370496 1
4503599627370496 366
4503599627370497 -365
4503599627370497 -1
4503599627370497 0
4503599627370497 1
4503599627370497 366
9007199254740991 -365
9007199254740991 -1
9007199254740991 0
9007199254740991 1
9007199254740991 366
9007199254740992 -365
9007199254740992 -1
9007199254740992 0
9007199254740992 1
9007199254740992 366
9007199254740993 -365
9007199254740993 -1
9007199254740993 0
9007199254740993 1
9007199254740993 366
11258999068426239 -365
11258999068426239 -1
11258999068426239 0
11258999068426239 1
11258999068426239 366
11258999068426240 -365
11258999068426240 -1
11258999068426240 0
11258999068426240 1
11258999068426240 366
13510798882111486 -365
13510798882111486 -1
13510798882111486 0
13510798882111486 1
13510798882111486 366
13510798882111487 -365
13510798882111487 -1
13510798882111487 0
13510798882111487 1
13510798882111487 366
139611588448485376 -365
139611588448485376 -1
139611588448485376 0
139611588448485376 1
139611588448485376 366
139611588448485377 -365
139611588448485377 -1
139611588448485377 0
139611588448485377 1
139611588448485377 366
141863388262170623 -365
141863388262170623 -1
141863388262170623 0
141863388262170623 1
141863388262170623 366
141863388262170624 -365
141863388262170624 -1
141863388262170624 0
141863388262170624 1
141863388262170624 366
144115188075855870 -365
144115188075855870 -1
144115188075855870 0
144115188075855870 1
144115188075855870 366
144115188075855871 -365
144115188075855871 -1
144115188075855871 0
144115188075855871 1
144115188075855871 366
2301339409586323456 -365
2301339409586323456 -1
2301339409586323456 0
2301339409586323456 1
2301339409586323456 366
2301339409586323457 -365
2301339409586323457 -1
2301339409586323457 0
2301339409586323457 1
2301339409586323457 366
2303591209400008703 -365
2303591209400008703 -1
2303591209400008703 0
2303591209400008703 1
2303591209400008703 366
2303591209400008704 -365
2303591209400008704 -1
2303591209400008704 0
2303591209400008704 1
2303591209400008704 366
2305843009213693950 -365
2305843009213693950 -1
2305843009213693950 0
2305843009213693950 1
2305843009213693950 366
2305843009213693951 -365
2305843009213693951 -1
2305843009213693951 0
2305843009213693951 1
2305843009213693951 366
4053239664633446400 -365
4053239664633446400 -1
4053239664633446400 0
4053239664633446400 1
4053239664633446400 366
4053239664633446401 -365
4053239664633446401 -1
4053239664633446401 0
4053239664633446401 1
4053239664633446401 366
4055491464447131647 -365
4055491464447131647 -1
4055491464447131647 0
4055491464447131647 1
4055491464447131647 366
4055491464447131648 -365
4055491464447131648 -1
4055491464447131648 0
4055491464447131648 1
4055491464447131648 366
4057743264260816894 -365
4057743264260816894 -1
4057743264260816894 0
4057743264260816894 1
4057743264260816894 366
4057743264260816895 -365
4057743264260816895 -1
4057743264260816895 0
4057743264260816895 1
4057743264260816895 366
4363988038922010624 -365
4363988038922010624 -1
4363988038922010624 0
4363988038922010624 1
4363988038922010624 366
4363988038922010625 -365
4363988038922010625 -1
4363988038922010625 0
4363988038922010625 1
4363988038922010625 366
4366239838735695871 -365
4366239838735695871 -1
4366239838735695871 0
4366239838735695871 1
4366239838735695871 366
4366239838735695872 -365
4366239838735695872 -1
4366239838735695872 0
4366239838735695872 1
4366239838735695872 366
4368491638549381118 -365
4368491638549381118 -1
4368491638549381118 0
4368491638549381118 1
4368491638549381118 366
4368491638549381119 -365
4368491638549381119 -1
4368491638549381119 0
4368491638549381119 1
4368491638549381119 366
4368491638549381120 -365
4368491638549381120 -1
4368491638549381120 0
4368491638549381120 1
4368491638549381120 366
4368491638549381121 -365
4368491638549381121 -1
4368491638549381121 0
4368491638549381121 1
4368491638549381121 366
4370743438363066367 -365
4370743438363066367 -1
4370743438363066367 0
4370743438363066367 1
4370743438363066367 366
4370743438363066368 -365
4370743438363066368 -1
4370743438363066368 0
4370743438363066368 1
4370743438363066368 366
4372995238176751614 -365
4372995238176751614 -1
4372995238176751614 0
4372995238176751614 1
4372995238176751614 366
4372995238176751615 -365
4372995238176751615 -1
4372995238176751615 0
4372995238176751615 1
4372995238176751615 366
4593671619917905920 -365
4593671619917905920 -1
4593671619917905920 0
4593671619917905920 1
4593671619917905920 366
4593671619917905921 -365
4593671619917905921 -1
4593671619917905921 0
4593671619917905921 1
4593671619917905921 366
4595923419731591167 -365
4595923419731591167 -1
4595923419731591167 0
4595923419731591167 1
4595923419731591167 366
4595923419731591168 -365
4595923419731591168 -1
4595923419731591168 0
4595923419731591168 1
4595923419731591168 366
4598175219545276414 -365
4598175219545276414 -1
4598175219545276414 0
4598175219545276414 1
4598175219545276414 366
4598175219545276415 -365
4598175219545276415 -1
4598175219545276415 0
4598175219545276415 1
4598175219545276415 366
4598175219545276416 -365
4598175219545276416 -1
4598175219545276416 0
4598175219545276416 1
4598175219545276416 366
4598175219545276417 -365
4598175219545276417 -1
4598175219545276417 0
4598175219545276417 1
4598175219545276417 366
4600427019358961663 -365
4600427019358961663 -1
4600427019358961663 0
4600427019358961663 1
4600427019358961663 366
4600427019358961664 -365
4600427019358961664 -1
4600427019358961664 0
4600427019358961664 1
4600427019358961664 366
4602678819172646910 -365
4602678819172646910 -1
4602678819172646910 0
4602678819172646910 1
4602678819172646910 366
4602678819172646911 -365
4602678819172646911 -1
4602678819172646911 0
4602678819172646911 1
4602678819172646911 366
4602678819172646912 -365
4602678819172646912 -1
4602678819172646912 0
4602678819172646912 1
4602678819172646912 366
4602678819172646913 -365
4602678819172646913 -1
4602678819172646913 0
4602678819172646913 1
4602678819172646913 366
4604930618986332159 -365
4604930618986332159 -1
4604930618986332159 0
4604930618986332159 1
4604930618986332159 366
4604930618986332160 -365
4604930618986332160 -1
4604930618986332160 0
4604930618986332160 1
4604930618986332160 366
4607182418800017406 -365
4607182418800017406 -1
4607182418800017406 0
4607182418800017406 1
4607182418800017406 366
4607182418800017407 -365
4607182418800017407 -1
4607182418800017407 0
4607182418800017407 1
4607182418800017407 366
4607182418800017408 -365
4607182418800017408 -1
4607182418800017408 0
4607182418800017408 1
4607182418800017408 366
4607182418800017409 -365
4607182418800017409 -1
4607182418800017409 0
4607182418800017409 1
4607182418800017409 366
4609434218613702655 -365
4609434218613702655 -1
4609434218613702655 0
4609434218613702655 1
4609434218613702655 366
4609434218613702656 -365
4609434218613702656 -1
4609434218613702656 0
4609434218613702656 1
4609434218613702656 366
4611686018427387902 -365
4611686018427387902 -1
4611686018427387902 0
4611686018427387902 1
4611686018427387902 366
4611686018427387903 -365
4611686018427387903 -1
4611686018427387903 0
4611686018427387903 1
4611686018427387903 366
4611686018427387904 -365
4611686018427387904 -1
4611686018427387904 0
4611686018427387904 1
4611686018427387904 366
4611686018427387905 -365
4611686018427387905 -1
4611686018427387905 0
4611686018427387905 1
4611686018427387905 366
4613937818241073151 -365
4613937818241073151 -1
4613937818241073151 0
4613937818241073151 1
4613937818241073151 366
4613937818241073152 -365
4613937818241073152 -1
4613937818241073152 0
4613937818241073152 1
4613937818241073152 366
4616189618054758398 -365
4616189618054758398 -1
4616189618054758398 0
4616189618054758398 1
4616189618054758398 366
4616189618054758399 -365
4616189618054758399 -1
4616189618054758399 0
4616189618054758399 1
4616189618054758399 366
4638707616191610880 -365
4638707616191610880 -1
4638707616191610880 0
4638707616191610880 1
4638707616191610880 366
4638707616191610881 -365
4638707616191610881 -1
4638707616191610881 0
4638707616191610881 1
4638707616191610881 366
4640959416005296127 -365
4640959416005296127 -1
4640959416005296127 0
4640959416005296127 1
4640959416005296127 366
4640959416005296128 -365
4640959416005296128 -1
4640959416005296128 0
4640959416005296128 1
4640959416005296128 366
4643211215818981374 -365
4643211215818981374 -1
4643211215818981374 0
4643211215818981374 1
4643211215818981374 366
4643211215818981375 -365
4643211215818981375 -1
4643211215818981375 0
4643211215818981375 1
4643211215818981375 366
4645128764097822719 -365
4645128764097822719 -1
4645128764097822719 0
4645128764097822719 1
4645128764097822719 366
4645128764097822720 -365
4645128764097822720 -1
4645128764097822720 0
4645128764097822720 1
4645128764097822720 366
4645128764097822721 -365
4645128764097822721 -1
4645128764097822721 0
4645128764097822721 1
4645128764097822721 366
4645146356283867135 -365
4645146356283867135 -1
4645146356283867135 0
4645146356283867135 1
4645146356283867135 366
4645146356283867136 -365
4645146356283867136 -1
4645146356283867136 0
4645146356283867136 1
4645146356283867136 366
4645146356283867137 -365
4645146356283867137 -1
4645146356283867137 0
4645146356283867137 1
4645146356283867137 366
4645163948469911551 -365
4645163948469911551 -1
4645163948469911551 0
4645163948469911551 1
4645163948469911551 366
4645163948469911552 -365
4645163948469911552 -1
4645163948469911552 0
4645163948469911552 1
4645163948469911552 366
4645163948469911553 -365
4645163948469911553 -1
4645163948469911553 0
4645163948469911553 1
4645163948469911553 366
4649641159818215423 -365
4649641159818215423 -1
4649641159818215423 0
4649641159818215423 1
4649641159818215423 366
4649641159818215424 -365
4649641159818215424 -1
4649641159818215424 0
4649641159818215424 1
4649641159818215424 366
4649641159818215425 -365
4649641159818215425 -1
4649641159818215425 0
4649641159818215425 1
4649641159818215425 366
4649649955911237631 -365
4649649955911237631 -1
4649649955911237631 0
4649649955911237631 1
4649649955911237631 366
4649649955911237632 -365
4649649955911237632 -1
4649649955911237632 0
4649649955911237632 1
4649649955911237632 366
4649649955911237633 -365
4649649955911237633 -1
4649649955911237633 0
4649649955911237633 1
4649649955911237633 366
4683743612465315840 -365
4683743612465315840 -1
4683743612465315840 0
4683743612465315840 1
4683743612465315840 366
4683743612465315841 -365
4683743612465315841 -1
4683743612465315841 0
4683743612465315841 1
4683743612465315841 366
4685995412279001087 -365
4685995412279001087 -1
4685995412279001087 0
4685995412279001087 1
4685995412279001087 366
4685995412279001088 -365
4685995412279001088 -1
4685995412279001088 0
4685995412279001088 1
4685995412279001088 366
4688247212092686334 -365
4688247212092686334 -1
4688247212092686334 0
4688247212092686334 1
4688247212092686334 366
4688247212092686335 -365
4688247212092686335 -1
4688247212092686335 0
4688247212092686335 1
4688247212092686335 366
4737786807993761792 -365
4737786807993761792 -1
4737786807993761792 0
4737786807993761792 1
4737786807993761792 366
4737786807993761793 -365
4737786807993761793 -1
4737786807993761793 0
4737786807993761793 1
4737786807993761793 366
4740038607807447039 -365
4740038607807447039 -1
4740038607807447039 0
4740038607807447039 1
4740038607807447039 366
4740038607807447040 -365
4740038607807447040 -1
4740038607807447040 0
4740038607807447040 1
4740038607807447040 366
4742290407621132286 -365
4742290407621132286 -1
4742290407621132286 0
4742290407621132286 1
4742290407621132286 366
4742290407621132287 -365
4742290407621132287 -1
4742290407621132287 0
4742290407621132287 1
4742290407621132287 366
4742290407621132288 -365
4742290407621132288 -1
4742290407621132288 0
4742290407621132288 1
4742290407621132288 366
4742290407621132289 -365
4742290407621132289 -1
4742290407621132289 0
4742290407621132289 1
4742290407621132289 366
4744542207434817535 -365
4744542207434817535 -1
4744542207434817535 0
4744542207434817535 1
4744542207434817535 366
4744542207434817536 -365
4744542207434817536 -1
4744542207434817536 0
4744542207434817536 1
4744542207434817536 366
4746794005709193215 -365
4746794005709193215 -1
4746794005709193215 0
4746794005709193215 1
4746794005709193215 366
4746794005709193216 -365
4746794005709193216 -1
4746794005709193216 0
4746794005709193216 1
4746794005709193216 366
4746794005709193217 -365
4746794005709193217 -1
4746794005709193217 0
4746794005709193217 1
4746794005709193217 366
4746794005713387519 -365
4746794005713387519 -1
4746794005713387519 0
4746794005713387519 1
4746794005713387519 366
9223372036854775808 -365
9223372036854775808 -1
9223372036854775808 0
9223372036854775808 1
9223372036854775808 366
9223372036854775809 -365
9223372036854775809 -1
9223372036854775809 0
9223372036854775809 1
9223372036854775809 366
9223372036854775810 -365
9223372036854775810 -1
9223372036854775810 0
9223372036854775810 1
9223372036854775810 366
9227875636482146303 -365
9227875636482146303 -1
9227875636482146303 0
9227875636482146303 1
9227875636482146303 366
9227875636482146304 -365
9227875636482146304 -1
9227875636482146304 0
9227875636482146304 1
9227875636482146304 366
9227875636482146305 -365
9227875636482146305 -1
9227875636482146305 0
9227875636482146305 1
9227875636482146305 366
9232379236109516799 -365
9232379236109516799 -1
9232379236109516799 0
9232379236109516799 1
9232379236109516799 366
9232379236109516800 -365
9232379236109516800 -1
9232379236109516800 0
9232379236109516800 1
9232379236109516800 366
9232379236109516801 -365
9232379236109516801 -1
9232379236109516801 0
9232379236109516801 1
9232379236109516801 366
9234631035923202047 -365
9234631035923202047 -1
9234631035923202047 0
9234631035923202047 1
9234631035923202047 366
9234631035923202048 -365
9234631035923202048 -1
9234631035923202048 0
9234631035923202048 1
9234631035923202048 366
9236882835736887294 -365
9236882835736887294 -1
9236882835736887294 0
9236882835736887294 1
9236882835736887294 366
9236882835736887295 -365
9236882835736887295 -1
9236882835736887295 0
9236882835736887295 1
9236882835736887295 366
9362983625303261184 -365
9362983625303261184 -1
9362983625303261184 0
9362983625303261184 1
9362983625303261184 366
9362983625303261185 -365
9362983625303261185 -1
9362983625303261185 0
9362983625303261185 1
9362983625303261185 366
9365235425116946431 -365
9365235425116946431 -1
9365235425116946431 0
9365235425116946431 1
9365235425116946431 366
9365235425116946432 -365
9365235425116946432 -1
9365235425116946432 0
9365235425116946432 1
9365235425116946432 366
9367487224930631678 -365
9367487224930631678 -1
9367487224930631678 0
9367487224930631678 1
9367487224930631678 366
9367487224930631679 -365
9367487224930631679 -1
9367487224930631679 0
9367487224930631679 1
9367487224930631679 366
11524711446441099264 -365
11524711446441099264 -1
11524711446441099264 0
11524711446441099264 1
11524711446441099264 366
11524711446441099265 -365
11524711446441099265 -1
11524711446441099265 0
11524711446441099265 1
11524711446441099265 366
11526963246254784511 -365
11526963246254784511 -1
11526963246254784511 0
11526963246254784511 1
11526963246254784511 366
11526963246254784512 -365
11526963246254784512 -1
11526963246254784512 0
11526963246254784512 1
11526963246254784512 366
11529215046068469758 -365
11529215046068469758 -1
11529215046068469758 0
11529215046068469758 1
11529215046068469758 366
11529215046068469759 -365
11529215046068469759 -1
11529215046068469759 0
11529215046068469759 1
11529215046068469759 366
13276611701488222208 -365
13276611701488222208 -1
13276611701488222208 0
13276611701488222208 1
13276611701488222208 366
13276611701488222209 -365
13276611701488222209 -1
13276611701488222209 0
13276611701488222209 1
13276611701488222209 366
13278863501301907455 -365
13278863501301907455 -1
13278863501301907455 0
13278863501301907455 1
13278863501301907455 366
13278863501301907456 -365
13278863501301907456 -1
13278863501301907456 0
13278863501301907456 1
13278863501301907456 366
13281115301115592702 -365
13281115301115592702 -1
13281115301115592702 0
13281115301115592702 1
13281115301115592702 366
13281115301115592703 -365
13281115301115592703 -1
13281115301115592703 0
13281115301115592703 1
13281115301115592703 366
13587360075776786432 -365
13587360075776786432 -1
13587360075776786432 0
13587360075776786432 1
13587360075776786432 366
13587360075776786433 -365
13587360075776786433 -1
13587360075776786433 0
13587360075776786433 1
13587360075776786433 366
13589611875590471679 -365
13589611875590471679 -1
13589611875590471679 0
13589611875590471679 1
13589611875590471679 366
13589611875590471680 -365
13589611875590471680 -1
13589611875590471680 0
13589611875590471680 1
13589611875590471680 366
13591863675404156926 -365
13591863675404156926 -1
13591863675404156926 0
13591863675404156926 1
13591863675404156926 366
13591863675404156927 -365
13591863675404156927 -1
13591863675404156927 0
13591863675404156927 1
13591863675404156927 366
13591863675404156928 -365
13591863675404156928 -1
13591863675404156928 0
13591863675404156928 1
13591863675404156928 366
13591863675404156929 -365
13591863675404156929 -1
13591863675404156929 0
13591863675404156929 1
13591863675404156929 366
13594115475217842175 -365
13594115475217842175 -1
13594115475217842175 0
13594115475217842175 1
13594115475217842175 366
13594115475217842176 -365
13594115475217842176 -1
13594115475217842176 0
13594115475217842176 1
13594115475217842176 366
13596367275031527422 -365
13596367275031527422 -1
13596367275031527422 0
13596367275031527422 1
13596367275031527422 366
13596367275031527423 -365
13596367275031527423 -1
13596367275031527423 0
13596367275031527423 1
13596367275031527423 366
13817043656772681728 -365
13817043656772681728 -1
13817043656772681728 0
13817043656772681728 1
13817043656772681728 366
13817043656772681729 -365
13817043656772681729 -1
13817043656772681729 0
13817043656772681729 1
13817043656772681729 366
13819295456586366975 -365
13819295456586366975 -1
13819295456586366975 0
13819295456586366975 1
13819295456586366975 366
13819295456586366976 -365
13819295456586366976 -1
13819295456586366976 0
13819295456586366976 1
13819295456586366976 366
13821547256400052222 -365
13821547256400052222 -1
13821547256400052222 0
13821547256400052222 1
13821547256400052222 366
13821547256400052223 -365
13821547256400052223 -1
13821547256400052223 0
13821547256400052223 1
13821547256400052223 366
13821547256400052224 -365
13821547256400052224 -1
13821547256400052224 0
13821547256400052224 1
13821547256400052224 366
13821547256400052225 -365
13821547256400052225 -1
13821547256400052225 0
13821547256400052225 1
13821547256400052225 366
13823799056213737471 -365
13823799056213737471 -1
13823799056213737471 0
13823799056213737471 1
13823799056213737471 366
13823799056213737472 -365
13823799056213737472 -1
13823799056213737472 0
13823799056213737472 1
13823799056213737472 366
13826050856027422718 -365
13826050856027422718 -1
13826050856027422718 0
13826050856027422718 1
13826050856027422718 366
13826050856027422719 -365
13826050856027422719 -1
13826050856027422719 0
13826050856027422719 1
13826050856027422719 366
13826050856027422720 -365
13826050856027422720 -1
13826050856027422720 0
13826050856027422720 1
13826050856027422720 366
13826050856027422721 -365
13826050856027422721 -1
13826050856027422721 0
13826050856027422721 1
13826050856027422721 366
13828302655841107967 -365
13828302655841107967 -1
13828302655841107967 0
13828302655841107967 1
13828302655841107967 366
13828302655841107968 -365
13828302655841107968 -1
13828302655841107968 0
13828302655841107968 1
13828302655841107968 366
13830554455654793214 -365
13830554455654793214 -1
13830554455654793214 0
13830554455654793214 1
13830554455654793214 366
13830554455654793215 -365
13830554455654793215 -1
13830554455654793215 0
13830554455654793215 1
13830554455654793215 366
13830554455654793216 -365
13830554455654793216 -1
13830554455654793216 0
13830554455654793216 1
13830554455654793216 366
13830554455654793217 -365
13830554455654793217 -1
13830554455654793217 0
13830554455654793217 1
13830554455654793217 366
13832806255468478463 -365
13832806255468478463 -1
13832806255468478463 0
13832806255468478463 1
13832806255468478463 366
13832806255468478464 -365
13832806255468478464 -1
13832806255468478464 0
13832806255468478464 1
13832806255468478464 366
13835058055282163710 -365
13835058055282163710 -1
13835058055282163710 0
13835058055282163710 1
13835058055282163710 366
13835058055282163711 -365
13835058055282163711 -1
13835058055282163711 0
13835058055282163711 1
13835058055282163711 366
13835058055282163712 -365
13835058055282163712 -1
13835058055282163712 0
13835058055282163712 1
13835058055282163712 366
13835058055282163713 -365
13835058055282163713 -1
13835058055282163713 0
13835058055282163713 1
13835058055282163713 366
13837309855095848959 -365
13837309855095848959 -1
13837309855095848959 0
13837309855095848959 1
13837309855095848959 366
13837309855095848960 -365
13837309855095848960 -1
13837309855095848960 0
13837309855095848960 1
13837309855095848960 366
13839561654909534206 -365
13839561654909534206 -1
13839561654909534206 0
13839561654909534206 1
13839561654909534206 366
13839561654909534207 -365
13839561654909534207 -1
13839561654909534207 0
13839561654909534207 1
13839561654909534207 366
13862079653046386688 -365
13862079653046386688 -1
13862079653046386688 0
13862079653046386688 1
13862079653046386688 366
13862079653046386689 -365
13862079653046386689 -1
13862079653046386689 0
13862079653046386689 1
13862079653046386689 366
13864331452860071935 -365
13864331452860071935 -1
13864331452860071935 0
13864331452860071935 1
13864331452860071935 366
13864331452860071936 -365
13864331452860071936 -1
13864331452860071936 0
13864331452860071936 1
13864331452860071936 366
13866583252673757182 -365
13866583252673757182 -1
13866583252673757182 0
13866583252673757182 1
13866583252673757182 366
13866583252673757183 -365
13866583252673757183 -1
13866583252673757183 0
13866583252673757183 1
13866583252673757183 366
13868500800952598527 -365
13868500800952598527 -1
13868500800952598527 0
13868500800952598527 1
13868500800952598527 366
13868500800952598528 -365
13868500800952598528 -1
13868500800952598528 0
13868500800952598528 1
13868500800952598528 366
13868500800952598529 -365
13868500800952598529 -1
13868500800952598529 0
13868500800952598529 1
13868500800952598529 366
13868518393138642943 -365
13868518393138642943 -1
13868518393138642943 0
13868518393138642943 1
13868518393138642943 366
13868518393138642944 -365
13868518393138642944 -1
13868518393138642944 0
13868518393138642944 1
13868518393138642944 366
13868518393138642945 -365
13868518393138642945 -1
13868518393138642945 0
13868518393138642945 1
13868518393138642945 366
13868535985324687359 -365
13868535985324687359 -1
13868535985324687359 0
13868535985324687359 1
13868535985324687359 366
13868535985324687360 -365
13868535985324687360 -1
13868535985324687360 0
13868535985324687360 1
13868535985324687360 366
13868535985324687361 -365
13868535985324687361 -1
13868535985324687361 0
13868535985324687361 1
13868535985324687361 366
13873013196672991231 -365
13873013196672991231 -1
13873013196672991231 0
13873013196672991231 1
13873013196672991231 366
13873013196672991232 -365
13873013196672991232 -1
13873013196672991232 0
13873013196672991232 1
13873013196672991232 366
13873013196672991233 -365
13873013196672991233 -1
13873013196672991233 0
13873013196672991233 1
13873013196672991233 366
13873021992766013439 -365
13873021992766013439 -1
13873021992766013439 0
13873021992766013439 1
13873021992766013439 366
13873021992766013440 -365
13873021992766013440 -1
13873021992766013440 0
13873021992766013440 1
13873021992766013440 366
13873021992766013441 -365
13873021992766013441 -1
13873021992766013441 0
13873021992766013441 1
13873021992766013441 366
13907115649320091648 -365
13907115649320091648 -1
13907115649320091648 0
13907115649320091648 1
13907115649320091648 366
13907115649320091649 -365
13907115649320091649 -1
13907115649320091649 0
13907115649320091649 1
13907115649320091649 366
13909367449133776895 -365
13909367449133776895 -1
13909367449133776895 0
13909367449133776895 1
13909367449133776895 366
13909367449133776896 -365
13909367449133776896 -1
13909367449133776896 0
13909367449133776896 1
13909367449133776896 366
13911619248947462142 -365
13911619248947462142 -1
13911619248947462142 0
13911619248947462142 1
13911619248947462142 366
13911619248947462143 -365
13911619248947462143 -1
13911619248947462143 0
13911619248947462143 1
13911619248947462143 366
13961158844848537600 -365
13961158844848537600 -1
13961158844848537600 0
13961158844848537600 1
13961158844848537600 366
13961158844848537601 -365
13961158844848537601 -1
13961158844848537601 0
13961158844848537601 1
13961158844848537601 366
13963410644662222847 -365
13963410644662222847 -1
13963410644662222847 0
13963410644662222847 1
13963410644662222847 366
13963410644662222848 -365
13963410644662222848 -1
13963410644662222848 0
13963410644662222848 1
13963410644662222848 366
13965662444475908094 -365
13965662444475908094 -1
13965662444475908094 0
13965662444475908094 1
13965662444475908094 366
13965662444475908095 -365
13965662444475908095 -1
13965662444475908095 0
13965662444475908095 1
13965662444475908095 366
13965662444475908096 -365
13965662444475908096 -1
13965662444475908096 0
13965662444475908096 1
13965662444475908096 366
13965662444475908097 -365
13965662444475908097 -1
13965662444475908097 0
13965662444475908097 1
13965662444475908097 366
13967914244289593343 -365
13967914244289593343 -1
13967914244289593343 0
13967914244289593343 1
13967914244289593343 366
13967914244289593344 -365
13967914244289593344 -1
13967914244289593344 0
13967914244289593344 1
13967914244289593344 366
13970166042563969023 -365
13970166042563969023 -1
13970166042563969023 0
13970166042563969023 1
13970166042563969023 366
13970166042563969024 -365
13970166042563969024 -1
13970166042563969024 0
13970166042563969024 1
13970166042563969024 366
13970166042563969025 -365
13970166042563969025 -1
13970166042563969025 0
13970166042563969025 1
13970166042563969025 366
13970166042568163327 -365
13970166042568163327 -1
13970166042568163327 0
13970166042568163327 1
13970166042568163327 366
13970166042568163328 -365
13970166042568163328 -1
13970166042568163328 0
13970166042568163328 1
13970166042568163328 366
13970166042568163329 -365
13970166042568163329 -1
13970166042568163329 0
13970166042568163329 1
13970166042568163329 366
13970166042572357631 -365
13970166042572357631 -1
13970166042572357631 0
13970166042572357631 1
13970166042572357631 366
13970166042572357632 -365
13970166042572357632 -1
13970166042572357632 0
13970166042572357632 1
13970166042572357632 366
