0000000000000000 -365 1
0000000000000000 -1 1
0000000000000000 0 1
0000000000000000 1 1
0000000000000000 366 1
0000000000000001 -365 1
0000000000000001 -1 1
0000000000000001 0 1
0000000000000001 1 1
0000000000000001 366 1
0000000000000002 -365 1
0000000000000002 -1 1
0000000000000002 0 1
0000000000000002 1 1
0000000000000002 366 1
000fffffffffffff -365 1
000fffffffffffff -1 1
000fffffffffffff 0 1
000fffffffffffff 1 1
000fffffffffffff 366 1
0010000000000000 -365 1
0010000000000000 -1 1
0010000000000000 0 1
0010000000000000 1 1
0010000000000000 366 1
0010000000000001 -365 1
0010000000000001 -1 1
0010000000000001 0 1
0010000000000001 1 1
0010000000000001 366 1
001fffffffffffff -365 1
001fffffffffffff -1 1
001fffffffffffff 0 1
001fffffffffffff 1 1
001fffffffffffff 366 1
0020000000000000 -365 1
0020000000000000 -1 1
0020000000000000 0 1
0020000000000000 1 1
0020000000000000 366 1
0020000000000001 -365 1
0020000000000001 -1 1
0020000000000001 0 1
0020000000000001 1 1
0020000000000001 366 1
0027ffffffffffff -365 1
0027ffffffffffff -1 1
0027ffffffffffff 0 1
0027ffffffffffff 1 1
0027ffffffffffff 366 1
0028000000000000 -365 1
0028000000000000 -1 1
0028000000000000 0 1
0028000000000000 1 1
0028000000000000 366 1
002ffffffffffffe -365 1
002ffffffffffffe -1 1
002ffffffffffffe 0 1
002ffffffffffffe 1 1
002ffffffffffffe 366 1
002fffffffffffff -365 1
002fffffffffffff -1 1
002fffffffffffff 0 1
002fffffffffffff 1 1
002fffffffffffff 366 1
01f0000000000000 -365 1
01f0000000000000 -1 1
01f0000000000000 0 1
01f0000000000000 1 1
01f0000000000000 366 1
01f0000000000001 -365 1
01f0000000000001 -1 1
01f0000000000001 0 1
01f0000000000001 1 1
01f0000000000001 366 1
01f7ffffffffffff -365 1
01f7ffffffffffff -1 1
01f7ffffffffffff 0 1
01f7ffffffffffff 1 1
01f7ffffffffffff 366 1
01f8000000000000 -365 1
01f8000000000000 -1 1
01f8000000000000 0 1
01f8000000000000 1 1
01f8000000000000 366 1
01fffffffffffffe -365 1
01fffffffffffffe -1 1
01fffffffffffffe 0 1
01fffffffffffffe 1 1
01fffffffffffffe 366 1
01ffffffffffffff -365 1
01ffffffffffffff -1 1
01ffffffffffffff 0 1
01ffffffffffffff 1 1
01ffffffffffffff 366 1
1ff0000000000000 -365 1
1ff0000000000000 -1 1
1ff0000000000000 0 1
1ff0000000000000 1 1
1ff0000000000000 366 1
1ff0000000000001 -365 1
1ff0000000000001 -1 1
1ff0000000000001 0 1
1ff0000000000001 1 1
1ff0000000000001 366 1
1ff7ffffffffffff -365 1
1ff7ffffffffffff -1 1
1ff7ffffffffffff 0 1
1ff7ffffffffffff 1 1
1ff7ffffffffffff 366 1
1ff8000000000000 -365 1
1ff8000000000000 -1 1
1ff8000000000000 0 1
1ff8000000000000 1 1
1ff8000000000000 366 1
1ffffffffffffffe -365 1
1ffffffffffffffe -1 1
1ffffffffffffffe 0 1
1ffffffffffffffe 1 1
1ffffffffffffffe 366 1
1fffffffffffffff -365 1
1fffffffffffffff -1 1
1fffffffffffffff 0 1
1fffffffffffffff 1 1
1fffffffffffffff 366 1
3840000000000000 -365 1
3840000000000000 -1 1
3840000000000000 0 1
3840000000000000 1 1
3840000000000000 366 1
3840000000000001 -365 1
3840000000000001 -1 1
3840000000000001 0 1
3840000000000001 1 1
3840000000000001 366 1
3847ffffffffffff -365 1
3847ffffffffffff -1 1
3847ffffffffffff 0 1
3847ffffffffffff 1 1
3847ffffffffffff 366 1
3848000000000000 -365 1
3848000000000000 -1 1
3848000000000000 0 1
3848000000000000 1 1
3848000000000000 366 1
384ffffffffffffe -365 1
384ffffffffffffe -1 1
384ffffffffffffe 0 1
384ffffffffffffe 1 1
384ffffffffffffe 366 1
384fffffffffffff -365 1
384fffffffffffff -1 1
384fffffffffffff 0 1
384fffffffffffff 1 1
384fffffffffffff 366 1
3c90000000000000 -365 1
3c90000000000000 -1 1
3c90000000000000 0 1
3c90000000000000 1 1
3c90000000000000 366 1
3c90000000000001 -365 1
3c90000000000001 -1 1
3c90000000000001 0 1
3c90000000000001 1 1
3c90000000000001 366 1
3c97ffffffffffff -365 1
3c97ffffffffffff -1 1
3c97ffffffffffff 0 1
3c97ffffffffffff 1 1
3c97ffffffffffff 366 1
3c98000000000000 -365 1
3c98000000000000 -1 1
3c98000000000000 0 1
3c98000000000000 1 1
3c98000000000000 366 1
3c9ffffffffffffe -365 1
3c9ffffffffffffe -1 1
3c9ffffffffffffe 0 1
3c9ffffffffffffe 1 1
3c9ffffffffffffe 366 1
3c9fffffffffffff -365 1
3c9fffffffffffff -1 1
3c9fffffffffffff 0 1
3c9fffffffffffff 1 1
3c9fffffffffffff 366 1
3ca0000000000000 -365 1
3ca0000000000000 -1 1
3ca0000000000000 0 1
3ca0000000000000 1 1
3ca0000000000000 366 1
3ca0000000000001 -365 1
3ca0000000000001 -1 1
3ca0000000000001 0 1
3ca0000000000001 1 1
3ca0000000000001 366 1
3ca7ffffffffffff -365 1
3ca7ffffffffffff -1 1
3ca7ffffffffffff 0 1
3ca7ffffffffffff 1 1
3ca7ffffffffffff 366 1
3ca8000000000000 -365 1
3ca8000000000000 -1 1
3ca8000000000000 0 1
3ca8000000000000 1 1
3ca8000000000000 366 1
3caffffffffffffe -365 1
3caffffffffffffe -1 1
3caffffffffffffe 0 1
3caffffffffffffe 1 1
3caffffffffffffe 366 1
3cafffffffffffff -365 1
3cafffffffffffff -1 1
3cafffffffffffff 0 1
3cafffffffffffff 1 1
3cafffffffffffff 366 1
3fc0000000000000 -365 1
3fc0000000000000 -1 1
3fc0000000000000 0 1
3fc0000000000000 1 1
3fc0000000000000 366 1
3fc0000000000001 -365 1
3fc0000000000001 -1 1
3fc0000000000001 0 1
3fc0000000000001 1 1
3fc0000000000001 366 1
3fc7ffffffffffff -365 1
3fc7ffffffffffff -1 1
3fc7ffffffffffff 0 1
3fc7ffffffffffff 1 1
3fc7ffffffffffff 366 1
3fc8000000000000 -365 1
3fc8000000000000 -1 1
3fc8000000000000 0 1
3fc8000000000000 1 1
3fc8000000000000 366 1
3fcffffffffffffe -365 1
3fcffffffffffffe -1 1
3fcffffffffffffe 0 1
3fcffffffffffffe 1 1
3fcffffffffffffe 366 1
3fcfffffffffffff -365 1
3fcfffffffffffff -1 1
3fcfffffffffffff 0 1
3fcfffffffffffff 1 1
3fcfffffffffffff 366 1
3fd0000000000000 -365 1
3fd0000000000000 -1 1
3fd0000000000000 0 1
3fd0000000000000 1 1
3fd0000000000000 366 1
3fd0000000000001 -365 1
3fd0000000000001 -1 1
3fd0000000000001 0 1
3fd0000000000001 1 1
3fd0000000000001 366 1
3fd7ffffffffffff -365 1
3fd7ffffffffffff -1 1
3fd7ffffffffffff 0 1
3fd7ffffffffffff 1 1
3fd7ffffffffffff 366 1
3fd8000000000000 -365 1
3fd8000000000000 -1 1
3fd8000000000000 0 1
3fd8000000000000 1 1
3fd8000000000000 366 1
3fdffffffffffffe -365 1
3fdffffffffffffe -1 1
3fdffffffffffffe 0 1
3fdffffffffffffe 1 1
3fdffffffffffffe 366 1
3fdfffffffffffff -365 1
3fdfffffffffffff -1 1
3fdfffffffffffff 0 1
3fdfffffffffffff 1 1
3fdfffffffffffff 366 1
3fe0000000000000 -365 1
3fe0000000000000 -1 1
3fe0000000000000 0 1
3fe0000000000000 1 1
3fe0000000000000 366 1
3fe0000000000001 -365 1
3fe0000000000001 -1 1
3fe0000000000001 0 1
3fe0000000000001 1 1
3fe0000000000001 366 1
3fe7ffffffffffff -365 1
3fe7ffffffffffff -1 1
3fe7ffffffffffff 0 1
3fe7ffffffffffff 1 1
3fe7ffffffffffff 366 1
3fe8000000000000 -365 1
3fe8000000000000 -1 1
3fe8000000000000 0 1
3fe8000000000000 1 1
3fe8000000000000 366 1
3feffffffffffffe -365 1
3feffffffffffffe -1 1
3feffffffffffffe 0 1
3feffffffffffffe 1 1
3feffffffffffffe 366 1
3fefffffffffffff -365 1
3fefffffffffffff -1 1
3fefffffffffffff 0 1
3fefffffffffffff 1 1
3fefffffffffffff 366 1
3ff0000000000000 -365 1
3ff0000000000000 -1 1
3ff0000000000000 0 1
3ff0000000000000 1 1
3ff0000000000000 366 1
3ff0000000000001 -365 1
3ff0000000000001 -1 1
3ff0000000000001 0 1
3ff0000000000001 1 1
3ff0000000000001 366 1
3ff7ffffffffffff -365 1
3ff7ffffffffffff -1 1
3ff7ffffffffffff 0 1
3ff7ffffffffffff 1 1
3ff7ffffffffffff 366 1
3ff8000000000000 -365 1
3ff8000000000000 -1 1
3ff8000000000000 0 1
3ff8000000000000 1 1
3ff8000000000000 366 1
3ffffffffffffffe -365 1
3ffffffffffffffe -1 1
3ffffffffffffffe 0 1
3ffffffffffffffe 1 1
3ffffffffffffffe 366 1
3fffffffffffffff -365 1
3fffffffffffffff -1 1
3fffffffffffffff 0 1
3fffffffffffffff 1 1
3fffffffffffffff 366 1
4000000000000000 -365 1
4000000000000000 -1 1
4000000000000000 0 1
4000000000000000 1 1
4000000000000000 366 1
4000000000000001 -365 1
4000000000000001 -1 1
4000000000000001 0 1
4000000000000001 1 1
4000000000000001 366 1
4007ffffffffffff -365 1
4007ffffffffffff -1 1
4007ffffffffffff 0 1
4007ffffffffffff 1 1
4007ffffffffffff 366 1
4008000000000000 -365 1
4008000000000000 -1 1
4008000000000000 0 1
4008000000000000 1 1
4008000000000000 366 1
400ffffffffffffe -365 1
400ffffffffffffe -1 1
400ffffffffffffe 0 1
400ffffffffffffe 1 1
400ffffffffffffe 366 1
400fffffffffffff -365 1
400fffffffffffff -1 1
400fffffffffffff 0 1
400fffffffffffff 1 1
400fffffffffffff 366 1
4060000000000000 -365 1
4060000000000000 -1 1
4060000000000000 0 1
4060000000000000 1 1
4060000000000000 366 1
4060000000000001 -365 1
4060000000000001 -1 1
4060000000000001 0 1
4060000000000001 1 1
4060000000000001 366 1
4067ffffffffffff -365 1
4067ffffffffffff -1 1
4067ffffffffffff 0 1
4067ffffffffffff 1 1
4067ffffffffffff 366 1
4068000000000000 -365 1
4068000000000000 -1 1
4068000000000000 0 1
4068000000000000 1 1
4068000000000000 366 1
406ffffffffffffe -365 1
406ffffffffffffe -1 1
406ffffffffffffe 0 1
406ffffffffffffe 1 1
406ffffffffffffe 366 1
406fffffffffffff -365 1
406fffffffffffff -1 1
406fffffffffffff 0 1
406fffffffffffff 1 1
406fffffffffffff 366 1
4076cfffffffffff -365 1
4076cfffffffffff -1 1
4076cfffffffffff 0 1
4076cfffffffffff 1 1
4076cfffffffffff 366 1
4076d00000000000 -365 1
4076d00000000000 -1 1
4076d00000000000 0 1
4076d00000000000 1 1
4076d00000000000 366 1
4076d00000000001 -365 1
4076d00000000001 -1 1
4076d00000000001 0 1
4076d00000000001 1 1
4076d00000000001 366 1
4076dfffffffffff -365 1
4076dfffffffffff -1 1
4076dfffffffffff 0 1
4076dfffffffffff 1 1
4076dfffffffffff 366 1
4076e00000000000 -365 1
4076e00000000000 -1 1
4076e00000000000 0 1
4076e00000000000 1 1
4076e00000000000 366 1
4076e00000000001 -365 1
4076e00000000001 -1 1
4076e00000000001 0 1
4076e00000000001 1 1
4076e00000000001 366 1
4076efffffffffff -365 1
4076efffffffffff -1 1
4076efffffffffff 0 1
4076efffffffffff 1 1
4076efffffffffff 366 1
4076f00000000000 -365 1
4076f00000000000 -1 1
4076f00000000000 0 1
4076f00000000000 1 1
4076f00000000000 366 1
4076f00000000001 -365 1
4076f00000000001 -1 1
4076f00000000001 0 1
4076f00000000001 1 1
4076f00000000001 366 1
4086d7ffffffffff -365 1
4086d7ffffffffff -1 1
4086d7ffffffffff 0 1
4086d7ffffffffff 1 1
4086d7ffffffffff 366 1
4086d80000000000 -365 1
4086d80000000000 -1 1
4086d80000000000 0 1
4086d80000000000 1 1
4086d80000000000 366 1
4086d80000000001 -365 1
4086d80000000001 -1 1
4086d80000000001 0 1
4086d80000000001 1 1
4086d80000000001 366 1
4086dfffffffffff -365 1
4086dfffffffffff -1 1
4086dfffffffffff 0 1
4086dfffffffffff 1 1
4086dfffffffffff 366 1
4086e00000000000 -365 1
4086e00000000000 -1 1
4086e00000000000 0 1
4086e00000000000 1 1
4086e00000000000 366 1
4086e00000000001 -365 1
4086e00000000001 -1 1
4086e00000000001 0 1
4086e00000000001 1 1
4086e00000000001 366 1
4100000000000000 -365 1
4100000000000000 -1 1
4100000000000000 0 1
4100000000000000 1 1
4100000000000000 366 1
4100000000000001 -365 1
4100000000000001 -1 1
4100000000000001 0 1
4100000000000001 1 1
4100000000000001 366 1
4107ffffffffffff -365 1
4107ffffffffffff -1 1
4107ffffffffffff 0 1
4107ffffffffffff 1 1
4107ffffffffffff 366 1
4108000000000000 -365 1
4108000000000000 -1 1
4108000000000000 0 1
4108000000000000 1 1
4108000000000000 366 1
410ffffffffffffe -365 1
410ffffffffffffe -1 1
410ffffffffffffe 0 1
410ffffffffffffe 1 1
410ffffffffffffe 366 1
410fffffffffffff -365 1
410fffffffffffff -1 1
410fffffffffffff 0 1
410fffffffffffff 1 1
410fffffffffffff 366 1
41c0000000000000 -365 1
41c0000000000000 -1 1
41c0000000000000 0 1
41c0000000000000 1 1
41c0000000000000 366 1
41c0000000000001 -365 1
41c0000000000001 -1 1
41c0000000000001 0 1
41c0000000000001 1 1
41c0000000000001 366 1
41c7ffffffffffff -365 1
41c7ffffffffffff -1 1
41c7ffffffffffff 0 1
41c7ffffffffffff 1 1
41c7ffffffffffff 366 1
41c8000000000000 -365 1
41c8000000000000 -1 1
41c8000000000000 0 1
41c8000000000000 1 1
41c8000000000000 366 1
41cffffffffffffe -365 1
41cffffffffffffe -1 1
41cffffffffffffe 0 1
41cffffffffffffe 1 1
41cffffffffffffe 366 1
41cfffffffffffff -365 1
41cfffffffffffff -1 1
41cfffffffffffff 0 1
41cfffffffffffff 1 1
41cfffffffffffff 366 1
41d0000000000000 -365 1
41d0000000000000 -1 1
41d0000000000000 0 1
41d0000000000000 1 1
41d0000000000000 366 1
41d0000000000001 -365 1
41d0000000000001 -1 1
41d0000000000001 0 1
41d0000000000001 1 1
41d0000000000001 366 1
41d7ffffffffffff -365 1
41d7ffffffffffff -1 1
41d7ffffffffffff 0 1
41d7ffffffffffff 1 1
41d7ffffffffffff 366 1
41d8000000000000 -365 1
41d8000000000000 -1 1
41d8000000000000 0 1
41d8000000000000 1 1
41d8000000000000 366 1
41dfffffa43fffff -365 1
41dfffffa43fffff -1 1
41dfffffa43fffff 0 1
41dfffffa43fffff 1 1
41dfffffa43fffff 366 1
41dfffffa4400000 -365 1
41dfffffa4400000 -1 1
41dfffffa4400000 0 1
41dfffffa4400000 1 1
41dfffffa4400000 366 1
41dfffffa4400001 -365 1
41dfffffa4400001 -1 1
41dfffffa4400001 0 1
41dfffffa4400001 1 1
41dfffffa4400001 366 1
41dfffffa47fffff -365 1
41dfffffa47fffff -1 1
41dfffffa47fffff 0 1
41dfffffa47fffff 1 1
41dfffffa47fffff 366 1
41dfffffa4800000 -365 0
41dfffffa4800000 -1 0
41dfffffa4800000 0 0
41dfffffa4800000 1 0
41dfffffa4800000 366 0
41dfffffa4800001 -365 0
41dfffffa4800001 -1 0
41dfffffa4800001 0 0
41dfffffa4800001 1 0
41dfffffa4800001 366 0
41dfffffa4bfffff -365 0
41dfffffa4bfffff -1 0
41dfffffa4bfffff 0 0
41dfffffa4bfffff 1 0
41dfffffa4bfffff 366 0
41dfffffa4c00000 -365 0
41dfffffa4c00000 -1 0
41dfffffa4c00000 0 0
41dfffffa4c00000 1 0
41dfffffa4c00000 366 0
41dfffffa4c00001 -365 0
41dfffffa4c00001 -1 0
41dfffffa4c00001 0 0
41dfffffa4c00001 1 0
41dfffffa4c00001 366 0
41dffffffffffffe -365 0
41dffffffffffffe -1 0
41dffffffffffffe 0 0
41dffffffffffffe 1 0
41dffffffffffffe 366 0
41dfffffffffffff -365 0
41dfffffffffffff -1 0
41dfffffffffffff 0 0
41dfffffffffffff 1 0
41dfffffffffffff 366 0
41e0000000000000 -365 0
41e0000000000000 -1 0
41e0000000000000 0 0
41e0000000000000 1 0
41e0000000000000 366 0
41e0000000000001 -365 0
41e0000000000001 -1 0
41e0000000000001 0 0
41e0000000000001 1 0
41e0000000000001 366 0
8000000000000000 -365 1
8000000000000000 -1 1
8000000000000000 0 1
8000000000000000 1 1
8000000000000000 366 1
8000000000000001 -365 1
8000000000000001 -1 1
8000000000000001 0 1
8000000000000001 1 1
8000000000000001 366 1
8000000000000002 -365 1
8000000000000002 -1 1
8000000000000002 0 1
8000000000000002 1 1
8000000000000002 366 1
800fffffffffffff -365 1
800fffffffffffff -1 1
800fffffffffffff 0 1
800fffffffffffff 1 1
800fffffffffffff 366 1
8010000000000000 -365 1
8010000000000000 -1 1
8010000000000000 0 1
8010000000000000 1 1
8010000000000000 366 1
8010000000000001 -365 1
8010000000000001 -1 1
8010000000000001 0 1
8010000000000001 1 1
8010000000000001 366 1
801fffffffffffff -365 1
801fffffffffffff -1 1
801fffffffffffff 0 1
801fffffffffffff 1 1
801fffffffffffff 366 1
8020000000000000 -365 1
8020000000000000 -1 1
8020000000000000 0 1
8020000000000000 1 1
8020000000000000 366 1
8020000000000001 -365 1
8020000000000001 -1 1
8020000000000001 0 1
8020000000000001 1 1
8020000000000001 366 1
8027ffffffffffff -365 1
8027ffffffffffff -1 1
8027ffffffffffff 0 1
8027ffffffffffff 1 1
8027ffffffffffff 366 1
8028000000000000 -365 1
8028000000000000 -1 1
8028000000000000 0 1
8028000000000000 1 1
8028000000000000 366 1
802ffffffffffffe -365 1
802ffffffffffffe -1 1
802ffffffffffffe 0 1
802ffffffffffffe 1 1
802ffffffffffffe 366 1
802fffffffffffff -365 1
802fffffffffffff -1 1
802fffffffffffff 0 1
802fffffffffffff 1 1
802fffffffffffff 366 1
81f0000000000000 -365 1
81f0000000000000 -1 1
81f0000000000000 0 1
81f0000000000000 1 1
81f0000000000000 366 1
81f0000000000001 -365 1
81f0000000000001 -1 1
81f0000000000001 0 1
81f0000000000001 1 1
81f0000000000001 366 1
81f7ffffffffffff -365 1
81f7ffffffffffff -1 1
81f7ffffffffffff 0 1
81f7ffffffffffff 1 1
81f7ffffffffffff 366 1
81f8000000000000 -365 1
81f8000000000000 -1 1
81f8000000000000 0 1
81f8000000000000 1 1
81f8000000000000 366 1
81fffffffffffffe -365 1
81fffffffffffffe -1 1
81fffffffffffffe 0 1
81fffffffffffffe 1 1
81fffffffffffffe 366 1
81ffffffffffffff -365 1
81ffffffffffffff -1 1
81ffffffffffffff 0 1
81ffffffffffffff 1 1
81ffffffffffffff 366 1
9ff0000000000000 -365 1
9ff0000000000000 -1 1
9ff0000000000000 0 1
9ff0000000000000 1 1
9ff0000000000000 366 1
9ff0000000000001 -365 1
9ff0000000000001 -1 1
9ff0000000000001 0 1
9ff0000000000001 1 1
9ff0000000000001 366 1
9ff7ffffffffffff -365 1
9ff7ffffffffffff -1 1
9ff7ffffffffffff 0 1
9ff7ffffffffffff 1 1
9ff7ffffffffffff 366 1
9ff8000000000000 -365 1
9ff8000000000000 -1 1
9ff8000000000000 0 1
9ff8000000000000 1 1
9ff8000000000000 366 1
9ffffffffffffffe -365 1
9ffffffffffffffe -1 1
9ffffffffffffffe 0 1
9ffffffffffffffe 1 1
9ffffffffffffffe 366 1
9fffffffffffffff -365 1
9fffffffffffffff -1 1
9fffffffffffffff 0 1
9fffffffffffffff 1 1
9fffffffffffffff 366 1
b840000000000000 -365 1
b840000000000000 -1 1
b840000000000000 0 1
b840000000000000 1 1
b840000000000000 366 1
b840000000000001 -365 1
b840000000000001 -1 1
b840000000000001 0 1
b840000000000001 1 1
b840000000000001 366 1
b847ffffffffffff -365 1
b847ffffffffffff -1 1
b847ffffffffffff 0 1
b847ffffffffffff 1 1
b847ffffffffffff 366 1
b848000000000000 -365 1
b848000000000000 -1 1
b848000000000000 0 1
b848000000000000 1 1
b848000000000000 366 1
b84ffffffffffffe -365 1
b84ffffffffffffe -1 1
b84ffffffffffffe 0 1
b84ffffffffffffe 1 1
b84ffffffffffffe 366 1
b84fffffffffffff -365 1
b84fffffffffffff -1 1
b84fffffffffffff 0 1
b84fffffffffffff 1 1
b84fffffffffffff 366 1
bc90000000000000 -365 1
bc90000000000000 -1 1
bc90000000000000 0 1
bc90000000000000 1 1
bc90000000000000 366 1
bc90000000000001 -365 1
bc90000000000001 -1 1
bc90000000000001 0 1
bc90000000000001 1 1
bc90000000000001 366 1
bc97ffffffffffff -365 1
bc97ffffffffffff -1 1
bc97ffffffffffff 0 1
bc97ffffffffffff 1 1
bc97ffffffffffff 366 1
bc98000000000000 -365 1
bc98000000000000 -1 1
bc98000000000000 0 1
bc98000000000000 1 1
bc98000000000000 366 1
bc9ffffffffffffe -365 1
bc9ffffffffffffe -1 1
bc9ffffffffffffe 0 1
bc9ffffffffffffe 1 1
bc9ffffffffffffe 366 1
bc9fffffffffffff -365 1
bc9fffffffffffff -1 1
bc9fffffffffffff 0 1
bc9fffffffffffff 1 1
bc9fffffffffffff 366 1
bca0000000000000 -365 1
bca0000000000000 -1 1
bca0000000000000 0 1
bca0000000000000 1 1
bca0000000000000 366 1
bca0000000000001 -365 1
bca0000000000001 -1 1
bca0000000000001 0 1
bca0000000000001 1 1
bca0000000000001 366 1
bca7ffffffffffff -365 1
bca7ffffffffffff -1 1
bca7ffffffffffff 0 1
bca7ffffffffffff 1 1
bca7ffffffffffff 366 1
bca8000000000000 -365 1
bca8000000000000 -1 1
bca8000000000000 0 1
bca8000000000000 1 1
bca8000000000000 366 1
bcaffffffffffffe -365 1
bcaffffffffffffe -1 1
bcaffffffffffffe 0 1
bcaffffffffffffe 1 1
bcaffffffffffffe 366 1
bcafffffffffffff -365 1
bcafffffffffffff -1 1
bcafffffffffffff 0 1
bcafffffffffffff 1 1
bcafffffffffffff 366 1
bfc0000000000000 -365 1
bfc0000000000000 -1 1
bfc0000000000000 0 1
bfc0000000000000 1 1
bfc0000000000000 366 1
bfc0000000000001 -365 1
bfc0000000000001 -1 1
bfc0000000000001 0 1
bfc0000000000001 1 1
bfc0000000000001 366 1
bfc7ffffffffffff -365 1
bfc7ffffffffffff -1 1
bfc7ffffffffffff 0 1
bfc7ffffffffffff 1 1
bfc7ffffffffffff 366 1
bfc8000000000000 -365 1
bfc8000000000000 -1 1
bfc8000000000000 0 1
bfc8000000000000 1 1
bfc8000000000000 366 1
bfcffffffffffffe -365 1
bfcffffffffffffe -1 1
bfcffffffffffffe 0 1
bfcffffffffffffe 1 1
bfcffffffffffffe 366 1
bfcfffffffffffff -365 1
bfcfffffffffffff -1 1
bfcfffffffffffff 0 1
bfcfffffffffffff 1 1
bfcfffffffffffff 366 1
bfd0000000000000 -365 1
bfd0000000000000 -1 1
bfd0000000000000 0 1
bfd0000000000000 1 1
bfd0000000000000 366 1
bfd0000000000001 -365 1
bfd0000000000001 -1 1
bfd0000000000001 0 1
bfd0000000000001 1 1
bfd0000000000001 366 1
bfd7ffffffffffff -365 1
bfd7ffffffffffff -1 1
bfd7ffffffffffff 0 1
bfd7ffffffffffff 1 1
bfd7ffffffffffff 366 1
bfd8000000000000 -365 1
bfd8000000000000 -1 1
bfd8000000000000 0 1
bfd8000000000000 1 1
bfd8000000000000 366 1
bfdffffffffffffe -365 1
bfdffffffffffffe -1 1
bfdffffffffffffe 0 1
bfdffffffffffffe 1 1
bfdffffffffffffe 366 1
bfdfffffffffffff -365 1
bfdfffffffffffff -1 1
bfdfffffffffffff 0 1
bfdfffffffffffff 1 1
bfdfffffffffffff 366 1
bfe0000000000000 -365 1
bfe0000000000000 -1 1
bfe0000000000000 0 1
bfe0000000000000 1 1
bfe0000000000000 366 1
bfe0000000000001 -365 1
bfe0000000000001 -1 1
bfe0000000000001 0 1
bfe0000000000001 1 1
bfe0000000000001 366 1
bfe7ffffffffffff -365 1
bfe7ffffffffffff -1 1
bfe7ffffffffffff 0 1
bfe7ffffffffffff 1 1
bfe7ffffffffffff 366 1
bfe8000000000000 -365 1
bfe8000000000000 -1 1
bfe8000000000000 0 1
bfe8000000000000 1 1
bfe8000000000000 366 1
bfeffffffffffffe -365 1
bfeffffffffffffe -1 1
bfeffffffffffffe 0 1
bfeffffffffffffe 1 1
bfeffffffffffffe 366 1
bfefffffffffffff -365 1
bfefffffffffffff -1 1
bfefffffffffffff 0 1
bfefffffffffffff 1 1
bfefffffffffffff 366 1
bff0000000000000 -365 1
bff0000000000000 -1 1
bff0000000000000 0 1
bff0000000000000 1 1
bff0000000000000 366 1
bff0000000000001 -365 1
bff0000000000001 -1 1
bff0000000000001 0 1
bff0000000000001 1 1
bff0000000000001 366 1
bff7ffffffffffff -365 1
bff7ffffffffffff -1 1
bff7ffffffffffff 0 1
bff7ffffffffffff 1 1
bff7ffffffffffff 366 1
bff8000000000000 -365 1
bff8000000000000 -1 1
bff8000000000000 0 1
bff8000000000000 1 1
bff8000000000000 366 1
bffffffffffffffe -365 1
bffffffffffffffe -1 1
bffffffffffffffe 0 1
bffffffffffffffe 1 1
bffffffffffffffe 366 1
bfffffffffffffff -365 1
bfffffffffffffff -1 1
bfffffffffffffff 0 1
bfffffffffffffff 1 1
bfffffffffffffff 366 1
c000000000000000 -365 1
c000000000000000 -1 1
c000000000000000 0 1
c000000000000000 1 1
c000000000000000 366 1
c000000000000001 -365 1
c000000000000001 -1 1
c000000000000001 0 1
c000000000000001 1 1
c000000000000001 366 1
c007ffffffffffff -365 1
c007ffffffffffff -1 1
c007ffffffffffff 0 1
c007ffffffffffff 1 1
c007ffffffffffff 366 1
c008000000000000 -365 1
c008000000000000 -1 1
c008000000000000 0 1
c008000000000000 1 1
c008000000000000 366 1
c00ffffffffffffe -365 1
c00ffffffffffffe -1 1
c00ffffffffffffe 0 1
c00ffffffffffffe 1 1
c00ffffffffffffe 366 1
c00fffffffffffff -365 1
c00fffffffffffff -1 1
c00fffffffffffff 0 1
c00fffffffffffff 1 1
c00fffffffffffff 366 1
c060000000000000 -365 1
c060000000000000 -1 1
c060000000000000 0 1
c060000000000000 1 1
c060000000000000 366 1
c060000000000001 -365 1
c060000000000001 -1 1
c060000000000001 0 1
c060000000000001 1 1
c060000000000001 366 1
c067ffffffffffff -365 1
c067ffffffffffff -1 1
c067ffffffffffff 0 1
c067ffffffffffff 1 1
c067ffffffffffff 366 1
c068000000000000 -365 1
c068000000000000 -1 1
c068000000000000 0 1
c068000000000000 1 1
c068000000000000 366 1
c06ffffffffffffe -365 1
c06ffffffffffffe -1 1
c06ffffffffffffe 0 1
c06ffffffffffffe 1 1
c06ffffffffffffe 366 1
c06fffffffffffff -365 1
c06fffffffffffff -1 1
c06fffffffffffff 0 1
c06fffffffffffff 1 1
c06fffffffffffff 366 1
c076cfffffffffff -365 1
c076cfffffffffff -1 1
c076cfffffffffff 0 1
c076cfffffffffff 1 1
c076cfffffffffff 366 1
c076d00000000000 -365 1
c076d00000000000 -1 1
c076d00000000000 0 1
c076d00000000000 1 1
c076d00000000000 366 1
c076d00000000001 -365 1
c076d00000000001 -1 1
c076d00000000001 0 1
c076d00000000001 1 1
c076d00000000001 366 1
c076dfffffffffff -365 1
c076dfffffffffff -1 1
c076dfffffffffff 0 1
c076dfffffffffff 1 1
c076dfffffffffff 366 1
c076e00000000000 -365 1
c076e00000000000 -1 1
c076e00000000000 0 1
c076e00000000000 1 1
c076e00000000000 366 1
c076e00000000001 -365 1
c076e00000000001 -1 1
c076e00000000001 0 1
c076e00000000001 1 1
c076e00000000001 366 1
c076efffffffffff -365 1
c076efffffffffff -1 1
c076efffffffffff 0 1
c076efffffffffff 1 1
c076efffffffffff 366 1
c076f00000000000 -365 1
c076f00000000000 -1 1
c076f00000000000 0 1
c076f00000000000 1 1
c076f00000000000 366 1
c076f00000000001 -365 1
c076f00000000001 -1 1
c076f00000000001 0 1
c076f00000000001 1 1
c076f00000000001 366 1
c086d7ffffffffff -365 1
c086d7ffffffffff -1 1
c086d7ffffffffff 0 1
c086d7ffffffffff 1 1
c086d7ffffffffff 366 1
c086d80000000000 -365 1
c086d80000000000 -1 1
c086d80000000000 0 1
c086d80000000000 1 1
c086d80000000000 366 1
c086d80000000001 -365 1
c086d80000000001 -1 1
c086d80000000001 0 1
c086d80000000001 1 1
c086d80000000001 366 1
c086dfffffffffff -365 1
c086dfffffffffff -1 1
c086dfffffffffff 0 1
c086dfffffffffff 1 1
c086dfffffffffff 366 1
c086e00000000000 -365 1
c086e00000000000 -1 1
c086e00000000000 0 1
c086e00000000000 1 1
c086e00000000000 366 1
c086e00000000001 -365 1
c086e00000000001 -1 1
c086e00000000001 0 1
c086e00000000001 1 1
c086e00000000001 366 1
c100000000000000 -365 1
c100000000000000 -1 1
c100000000000000 0 1
c100000000000000 1 1
c100000000000000 366 1
c100000000000001 -365 1
c100000000000001 -1 1
c100000000000001 0 1
c100000000000001 1 1
c100000000000001 366 1
c107ffffffffffff -365 1
c107ffffffffffff -1 1
c107ffffffffffff 0 1
c107ffffffffffff 1 1
c107ffffffffffff 366 1
c108000000000000 -365 1
c108000000000000 -1 1
c108000000000000 0 1
c108000000000000 1 1
c108000000000000 366 1
c10ffffffffffffe -365 1
c10ffffffffffffe -1 1
c10ffffffffffffe 0 1
c10ffffffffffffe 1 1
c10ffffffffffffe 366 1
c10fffffffffffff -365 1
c10fffffffffffff -1 1
c10fffffffffffff 0 1
c10fffffffffffff 1 1
c10fffffffffffff 366 1
c1c0000000000000 -365 1
c1c0000000000000 -1 1
c1c0000000000000 0 1
c1c0000000000000 1 1
c1c0000000000000 366 1
c1c0000000000001 -365 1
c1c0000000000001 -1 1
c1c0000000000001 0 1
c1c0000000000001 1 1
c1c0000000000001 366 1
c1c7ffffffffffff -365 1
c1c7ffffffffffff -1 1
c1c7ffffffffffff 0 1
c1c7ffffffffffff 1 1
c1c7ffffffffffff 366 1
c1c8000000000000 -365 1
c1c8000000000000 -1 1
c1c8000000000000 0 1
c1c8000000000000 1 1
c1c8000000000000 366 1
c1cffffffffffffe -365 1
c1cffffffffffffe -1 1
c1cffffffffffffe 0 1
c1cffffffffffffe 1 1
c1cffffffffffffe 366 1
c1cfffffffffffff -365 1
c1cfffffffffffff -1 1
c1cfffffffffffff 0 1
c1cfffffffffffff 1 1
c1cfffffffffffff 366 1
c1d0000000000000 -365 1
c1d0000000000000 -1 1
c1d0000000000000 0 1
c1d0000000000000 1 1
c1d0000000000000 366 1
c1d0000000000001 -365 1
c1d0000000000001 -1 1
c1d0000000000001 0 1
c1d0000000000001 1 1
c1d0000000000001 366 1
c1d7ffffffffffff -365 1
c1d7ffffffffffff -1 1
c1d7ffffffffffff 0 1
c1d7ffffffffffff 1 1
c1d7ffffffffffff 366 1
c1d8000000000000 -365 1
c1d8000000000000 -1 1
c1d8000000000000 0 1
c1d8000000000000 1 1
c1d8000000000000 366 1
c1dfffffa43fffff -365 1
c1dfffffa43fffff -1 1
c1dfffffa43fffff 0 1
c1dfffffa43fffff 1 1
c1dfffffa43fffff 366 1
c1dfffffa4400000 -365 1
c1dfffffa4400000 -1 1
c1dfffffa4400000 0 1
c1dfffffa4400000 1 1
c1dfffffa4400000 366 1
c1dfffffa4400001 -365 1
c1dfffffa4400001 -1 1
c1dfffffa4400001 0 1
c1dfffffa4400001 1 1
c1dfffffa4400001 366 1
c1dfffffa47fffff -365 1
c1dfffffa47fffff -1 1
c1dfffffa47fffff 0 1
c1dfffffa47fffff 1 1
c1dfffffa47fffff 366 1
c1dfffffa4800000 -365 1
c1dfffffa4800000 -1 1
c1dfffffa4800000 0 1
c1dfffffa4800000 1 1
c1dfffffa4800000 366 1
c1dfffffa4800001 -365 1
c1dfffffa4800001 -1 1
c1dfffffa4800001 0 1
c1dfffffa4800001 1 1
c1dfffffa4800001 366 1
c1dfffffa4bfffff -365 1
c1dfffffa4bfffff -1 1
c1dfffffa4bfffff 0 1
c1dfffffa4bfffff 1 1
c1dfffffa4bfffff 366 1
c1dfffffa4c00000 -365 1
c1dfffffa4c00000 -1 1
c1dfffffa4c00000 0 1
c1dfffffa4c00000 1 1
c1dfffffa4c00000 366 1
c1dfffffa4c00001 -365 0
c1dfffffa4c00001 -1 0
c1dfffffa4c00001 0 0
c1dfffffa4c00001 1 0
c1dfffffa4c00001 366 0
c1dffffffffffffe -365 0
c1dffffffffffffe -1 0
c1dffffffffffffe 0 0
c1dffffffffffffe 1 0
c1dffffffffffffe 366 0
c1dfffffffffffff -365 0
c1dfffffffffffff -1 0
c1dfffffffffffff 0 0
c1dfffffffffffff 1 0
c1dfffffffffffff 366 0
c1e0000000000000 -365 0
c1e0000000000000 -1 0
c1e0000000000000 0 0
c1e0000000000000 1 0
c1e0000000000000 366 0
c1e0000000000001 -365 0
c1e0000000000001 -1 0
c1e0000000000001 0 0
c1e0000000000001 1 0
c1e0000000000001 366 0
